FFT	AudioTools 	v36 iPad battery 100%	2023/07/14 20:58	Headset Microphone 1 Low Range	EB05A3E2-10AC-49FE-A287-06AC06EBE5AD
Frequency	dB	Unweighted
19.5	68.7
19.8	68.8
20.1	68.9
20.3	69
20.6	69.1
20.9	69.2
21.2	69.4
21.6	69.5
21.9	69.6
22.2	69.6
22.5	69.6
22.8	69.7
23.2	69.7
23.5	69.7
23.8	69.7
24.2	69.7
24.5	69.7
24.9	69.8
25.3	69.8
25.6	69.9
26	69.9
26.4	70
26.8	70.1
27.2	70.1
27.5	70.2
28	70.3
28.4	70.4
28.8	70.5
29.2	70.6
29.6	70.7
30	70.8
30.5	70.9
30.9	71
31.4	71
31.8	71
32.3	71
32.8	71
33.2	71
33.7	71
34.2	70.9
34.7	70.9
35.2	70.8
35.7	70.7
36.2	70.6
36.8	70.6
37.3	70.7
37.9	70.8
38.4	70.9
39	71
39.5	71
40.1	70.9
40.7	70.7
41.3	70.6
41.9	70.6
42.5	70.6
43.1	70.8
43.7	71
44.4	71.1
45	71.1
45.7	71.1
46.3	71
47	71
47.7	71
48.4	70.9
49.1	70.8
49.8	70.6
50.5	70.4
51.3	70.3
52	70.2
52.8	70.2
53.5	70.2
54.3	70.1
55.1	70.1
55.9	70.1
56.7	70.3
57.5	70.5
58.4	70.6
59.2	70.6
60.1	70.6
61	70.7
61.8	70.7
62.7	70.6
63.7	70.4
64.6	70.3
65.5	70.1
66.5	70
67.4	69.9
68.4	69.9
69.4	69.8
70.4	69.9
71.5	69.9
72.5	69.8
73.5	69.8
74.6	69.7
75.7	69.6
76.8	69.4
77.9	69.3
79.1	69.1
80.2	69.1
81.4	69.3
82.6	69.4
83.8	69.2
85	69
86.2	68.9
87.5	68.7
88.7	68.7
90	68.6
91.3	68.5
92.7	68.5
94	68.5
95.4	68.4
96.8	68.4
98.2	68.5
99.6	68.4
101	68.4
103	68.4
104	68.5
106	68.5
107	68.4
109	68.4
110	68.4
112	68.4
113	68.2
115	68.1
117	68
118	68
120	67.9
122	67.9
124	67.8
125	67.6
127	67.5
129	67.5
131	67.5
133	67.4
135	67.2
137	67.1
139	67.2
141	67.2
143	67.3
145	67.2
147	67.1
149	66.9
151	66.9
154	66.8
156	66.7
158	66.5
160	66.4
163	66.5
165	66.4
168	66.3
170	66.1
172	65.9
175	65.8
177	65.7
180	65.5
183	65.4
185	65.4
188	65.3
191	65.2
194	65.2
196	65.3
199	65.3
202	65.2
205	65.1
208	65.1
211	65.1
214	65
217	64.9
220	64.7
224	64.4
227	64.3
230	64.2
234	64.2
237	64.3
240	64.2
244	64.3
247	64.2
251	64
255	63.9
258	63.8
262	63.7
266	63.7
270	63.5
274	63.4
278	63.4
282	63.4
286	63.2
290	63.2
294	63.1
298	63.1
303	62.9
307	62.9
312	62.7
316	62.6
321	62.4
325	62.4
330	62.4
335	62.4
340	62.4
345	62.4
350	62.3
355	62.3
360	62.1
365	61.9
371	61.9
376	61.9
382	61.8
387	61.8
393	61.7
398	61.6
404	61.7
410	61.7
416	61.6
422	61.6
428	61.6
434	61.5
441	61.4
447	61.4
454	61.2
460	61.1
467	61
474	61
481	60.9
488	60.9
495	60.8
502	60.9
509	61.1
517	61
524	60.8
532	60.6
540	60.7
547	60.8
555	60.9
563	60.8
572	60.7
580	60.6
588	60.6
597	60.5
606	60.6
614	60.6
623	60.5
632	60.7
642	60.7
651	60.5
660	60.4
670	60.3
680	60.3
690	60.3
700	60.4
710	60.4
720	60.3
731	60.4
741	60.5
752	60.5
763	60.5
774	60.4
785	60.5
797	60.6
808	60.6
820	60.5
832	60.5
844	60.6
856	60.7
869	60.8
882	60.8
894	60.8
907	60.9
921	60.9
934	61
948	61
961	61.1
975	61.2
990	61.2
1004	61.3
1019	61.3
1033	61.5
1048	61.6
1064	61.7
1079	61.9
1095	62
1111	62.1
1127	62.1
1143	62.3
1160	62.3
1177	62.6
1194	62.8
1211	63
1229	63
1247	63.1
1265	63.2
1283	63.4
1302	63.5
1321	63.6
1340	63.7
1360	63.9
1379	64
1399	64.1
1420	64.2
1440	64.4
1461	64.6
1483	64.7
1504	64.9
1526	65
1548	65.1
1571	65.3
1594	65.4
1617	65.6
1640	65.7
1664	65.8
1688	66
1713	66.2
1738	66.4
1763	66.6
1789	66.8
1815	66.9
1841	67.1
1868	67.3
1895	67.5
1923	67.6
1951	67.8
1979	68
2008	68.1
2037	68.4
2067	68.6
2097	68.8
2127	69
2158	69.1
2190	69.2
2221	69.3
2254	69.5
2287	69.6
2320	69.8
2354	69.9
2388	69.9
2423	69.9
2458	70
2494	70.1
2530	70.1
2567	70.1
2604	70.2
2642	70.1
2680	70.1
2719	70
2759	69.9
2799	69.8
2840	69.7
2881	69.6
2923	69.6
2965	69.5
3008	69.4
3052	69.2
3097	69.1
3142	69
3187	68.9
3234	68.9
3281	68.9
3328	68.8
3377	68.7
3426	68.6
3476	68.5
3526	68.5
3578	68.4
3630	68.4
3682	68.3
3736	68.3
3790	68.3
3846	68.3
3901	68.3
3958	68.3
4016	68.3
4074	68.3
4133	68.4
4194	68.4
4255	68.5
4316	68.6
4379	68.6
4443	68.7
4508	68.8
4573	68.9
4640	68.9
4707	69
4776	69.1
4845	69.1
4916	69.2
4987	69.2
5060	69.2
5133	69.2
5208	69.1
5284	69
5360	68.9
5438	68.7
5518	68.5
5598	68.2
5679	68
5762	67.7
5846	67.4
5931	67.2
6017	67
6104	66.8
6193	66.6
6283	66.3
6375	66.2
6467	66
6561	65.8
6657	65.7
6754	65.7
6852	65.7
6952	65.8
7053	65.9
7155	66.1
7259	66.4
7365	66.7
7472	67.1
7581	67.5
7691	67.9
7803	68.3
7916	68.5
8032	68.5
8148	68.3
8267	67.8
8387	67
8509	66.1
8633	65
8758	63.9
8886	62.8
9015	61.8
9146	60.8
9279	60
9414	59.2
9551	58.5
9690	57.9
9831	57.4
9974	56.7
10119	56.4
10266	56.1
10416	55.8
10567	55.6
10721	55.4
10877	55.2
11035	55.2
11196	55.1
11358	55.2
11524	55.3
11691	55.4
11861	55.7
12034	56.1
12209	56.7
12386	57.5
12567	58.5
12749	59.8
12935	61.3
13123	62.7
13314	63.4
13507	63.5
13704	63.2
13903	62.8
14105	62.3
14311	61.6
14519	61
14730	60.6
14944	60.3
15162	60.2
15382	60.6
15606	61.2
15833	61.8
16063	62.1
16297	61.8
16534	60.6
16774	59.1
17018	57.4
17266	55.9
17517	54.6
17772	53.5
18030	52.7
18293	52
18559	51.3
18829	50.4
19102	49.3
19380	48
20000	47
overall dB	91.6 dB
decay	Average
averaging	1/12 Octave
source	Headset Microphone 1 Low Range
latitude	0
longitude	0
saved	2023/07/14 20:58
peak	22.0Hz
