FFT	AudioTools 	v15.0.3 iPad battery  83%	2021/11/12 12:48	Headset Mic 3 Low Range	EB05A3E2-10AC-49FE-A287-06AC06EBE5AD
Frequency	dB	Unweighted
19.5	63.8
19.8	63.8
20.1	63.8
20.3	63.8
20.6	63.8
20.9	63.8
21.2	63.8
21.6	63.8
21.9	63.8
22.2	63.8
22.5	63.8
22.8	63.8
23.2	63.9
23.5	63.9
23.8	64
24.2	64
24.5	64.1
24.9	64.2
25.3	64.2
25.6	64.2
26	64.2
26.4	64.2
26.8	64.2
27.2	64.2
27.5	64.1
28	64.1
28.4	64
28.8	64
29.2	64
29.6	64
30	64
30.5	64
30.9	64
31.4	64
31.8	63.9
32.3	63.9
32.8	63.9
33.2	63.8
33.7	63.8
34.2	63.9
34.7	63.9
35.2	63.9
35.7	63.9
36.2	64
36.8	64
37.3	64
37.9	64
38.4	64.1
39	64.1
39.5	64
40.1	63.9
40.7	63.8
41.3	63.8
41.9	63.8
42.5	63.9
43.1	63.9
43.7	63.9
44.4	63.8
45	63.7
45.7	63.7
46.3	63.7
47	63.7
47.7	63.7
48.4	63.7
49.1	63.6
49.8	63.6
50.5	63.6
51.3	63.6
52	63.5
52.8	63.4
53.5	63.3
54.3	63.2
55.1	63.1
55.9	63.1
56.7	63
57.5	63
58.4	63
59.2	62.8
60.1	62.8
61	62.7
61.8	62.6
62.7	62.7
63.7	62.7
64.6	62.7
65.5	62.7
66.5	62.7
67.4	62.8
68.4	62.8
69.4	62.7
70.4	62.6
71.5	62.6
72.5	62.4
73.5	62.3
74.6	62.3
75.7	62.2
76.8	62.2
77.9	62.1
79.1	62
80.2	61.9
81.4	61.8
82.6	61.7
83.8	61.7
85	61.6
86.2	61.6
87.5	61.5
88.7	61.4
90	61.3
91.3	61.3
92.7	61.4
94	61.3
95.4	61.3
96.8	61.3
98.2	61.3
99.6	61.2
101	61.1
103	61.1
104	61
106	60.9
107	60.7
109	60.6
110	60.5
112	60.5
113	60.5
115	60.4
117	60.4
118	60.3
120	60.2
122	60.2
124	60
125	59.9
127	59.8
129	59.7
131	59.6
133	59.6
135	59.5
137	59.4
139	59.3
141	59.2
143	59.1
145	59
147	58.9
149	58.8
151	58.8
154	58.7
156	58.6
158	58.6
160	58.5
163	58.4
165	58.3
168	58.3
170	58.2
172	58.2
175	58.2
177	58.2
180	58.1
183	58.1
185	57.9
188	57.9
191	57.8
194	57.8
196	57.7
199	57.6
202	57.5
205	57.4
208	57.4
211	57.3
214	57.3
217	57.2
220	57.1
224	57.1
227	57
230	57
234	56.9
237	56.9
240	56.8
244	56.7
247	56.6
251	56.5
255	56.4
258	56.4
262	56.4
266	56.3
270	56.3
274	56.3
278	56.2
282	56.2
286	56.1
290	56
294	56
298	55.9
303	55.8
307	55.8
312	55.8
316	55.8
321	55.8
325	55.7
330	55.6
335	55.5
340	55.4
345	55.4
350	55.4
355	55.4
360	55.4
365	55.3
371	55.3
376	55.2
382	55.2
387	55.2
393	55.1
398	55.1
404	55.1
410	55.1
416	55
422	55
428	54.9
434	54.9
441	54.8
447	54.8
454	54.8
460	54.8
467	54.7
474	54.7
481	54.6
488	54.6
495	54.5
502	54.5
509	54.5
517	54.5
524	54.4
532	54.4
540	54.4
547	54.4
555	54.3
563	54.3
572	54.3
580	54.3
588	54.2
597	54.2
606	54.1
614	54.1
623	54
632	54
642	54
651	54
660	53.9
670	53.9
680	53.8
690	53.8
700	53.8
710	53.7
720	53.7
731	53.6
741	53.5
752	53.5
763	53.4
774	53.4
785	53.4
797	53.4
808	53.4
820	53.4
832	53.4
844	53.3
856	53.3
869	53.3
882	53.3
894	53.3
907	53.3
921	53.3
934	53.3
948	53.3
961	53.3
975	53.3
990	53.3
1004	53.4
1019	53.4
1033	53.6
1048	53.6
1064	53.8
1079	53.9
1095	54
1111	54.1
1127	54.3
1143	54.4
1160	54.5
1177	54.7
1194	54.8
1211	54.9
1229	55
1247	55
1265	55.1
1283	55.2
1302	55.3
1321	55.4
1340	55.4
1360	55.5
1379	55.6
1399	55.6
1420	55.6
1440	55.7
1461	55.7
1483	55.7
1504	55.8
1526	55.8
1548	55.8
1571	55.8
1594	55.8
1617	55.9
1640	55.9
1664	55.9
1688	56
1713	56
1738	56
1763	56.1
1789	56.1
1815	56.2
1841	56.2
1868	56.2
1895	56.3
1923	56.3
1951	56.4
1979	56.4
2008	56.4
2037	56.4
2067	56.5
2097	56.5
2127	56.6
2158	56.6
2190	56.7
2221	56.7
2254	56.7
2287	56.8
2320	56.8
2354	56.8
2388	56.9
2423	56.9
2458	56.9
2494	56.9
2530	56.9
2567	56.9
2604	56.8
2642	56.8
2680	56.8
2719	56.8
2759	56.7
2799	56.7
2840	56.6
2881	56.6
2923	56.5
2965	56.4
3008	56.3
3052	56.2
3097	56.1
3142	55.9
3187	55.8
3234	55.7
3281	55.5
3328	55.4
3377	55.3
3426	55.2
3476	55.1
3526	55
3578	54.8
3630	54.8
3682	54.7
3736	54.7
3790	54.6
3846	54.6
3901	54.6
3958	54.7
4016	54.7
4074	54.8
4133	55
4194	55.1
4255	55.4
4316	55.6
4379	55.8
4443	56
4508	56.2
4573	56.4
4640	56.7
4707	56.9
4776	57
4845	57.1
4916	57.1
4987	57.1
5060	57.1
5133	57.1
5208	57.1
5284	57.2
5360	57.3
5438	57.4
5518	57.5
5598	57.6
5679	57.7
5762	57.8
5846	57.9
5931	58
6017	58.1
6104	58.1
6193	58.2
6283	58.2
6375	58.2
6467	58.2
6561	58.3
6657	58.3
6754	58.3
6852	58.4
6952	58.5
7053	58.6
7155	58.7
7259	58.9
7365	59.1
7472	59.3
7581	59.5
7691	59.7
7803	59.9
7916	60
8032	60.2
8148	60.3
8267	60.4
8387	60.5
8509	60.5
8633	60.4
8758	60.4
8886	60.2
9015	59.9
9146	59.5
9279	59
9414	58.4
9551	57.7
9690	57
9831	56.3
9974	55.3
10119	54.6
10266	54.1
10416	53.6
10567	53.1
10721	52.8
10877	52.6
11035	52.4
11196	52.3
11358	52.4
11524	52.5
11691	52.8
11861	53.2
12034	53.6
12209	54.1
12386	54.5
12567	54.6
12749	54.6
12935	54.3
13123	53.8
13314	53.1
13507	52.4
13704	51.6
13903	50.9
14105	50.2
14311	49.5
14519	49
14730	48.6
14944	48.3
15162	48.2
15382	48.4
15606	48.4
15833	48.1
16063	47.5
16297	46.9
16534	46.8
16774	47.6
17018	48.7
17266	49.8
17517	50.5
17772	50.7
18030	50.2
18293	49.2
18559	47.5
18829	45.4
19102	43.3
19380	41.5
20000	40.3
overall dB	92.5 dB
decay	Average
averaging	1/6 Octave
source	Headset Mic 3 Low Range
latitude	0
longitude	0
saved	2021/11/12 12:48
peak	16.1Hz
