FFT	AudioTools 	v17.14 (5) iPad battery  95%	2024/10/25 11:44	Headset Microphone 1 Low Range	EB05A3E2-10AC-49FE-A287-06AC06EBE5AD
Frequency	dB	Unweighted
19.5	72.8
19.8	72.9
20.1	72.9
20.3	73
20.6	73.1
20.9	73.2
21.2	73.2
21.6	73.3
21.9	73.4
22.2	73.4
22.5	73.4
22.8	73.3
23.2	73.2
23.5	73.1
23.8	73
24.2	73
24.5	73
24.9	73
25.3	73
25.6	73.1
26	73.2
26.4	73.2
26.8	73.3
27.2	73.2
27.5	73.2
28	73.2
28.4	73.2
28.8	73.2
29.2	73.2
29.6	73.3
30	73.4
30.5	73.5
30.9	73.6
31.4	73.6
31.8	73.6
32.3	73.6
32.8	73.6
33.2	73.5
33.7	73.5
34.2	73.4
34.7	73.3
35.2	73.2
35.7	73.2
36.2	73.1
36.8	73.1
37.3	73.2
37.9	73.3
38.4	73.4
39	73.5
39.5	73.5
40.1	73.4
40.7	73.3
41.3	73.3
41.9	73.3
42.5	73.4
43.1	73.5
43.7	73.6
44.4	73.7
45	73.7
45.7	73.5
46.3	73.3
47	73.1
47.7	72.9
48.4	72.9
49.1	72.8
49.8	72.8
50.5	72.7
51.3	72.7
52	72.7
52.8	72.6
53.5	72.6
54.3	72.6
55.1	72.5
55.9	72.4
56.7	72.4
57.5	72.4
58.4	72.5
59.2	72.7
60.1	72.8
61	72.8
61.8	72.8
62.7	72.7
63.7	72.6
64.6	72.5
65.5	72.4
66.5	72.4
67.4	72.4
68.4	72.4
69.4	72.4
70.4	72.3
71.5	72.2
72.5	72
73.5	71.8
74.6	71.6
75.7	71.6
76.8	71.6
77.9	71.6
79.1	71.6
80.2	71.5
81.4	71.4
82.6	71.3
83.8	71.1
85	70.9
86.2	70.8
87.5	70.8
88.7	70.8
90	70.6
91.3	70.5
92.7	70.5
94	70.5
95.4	70.4
96.8	70.5
98.2	70.4
99.6	70.2
101	70.1
103	70
104	69.9
106	70
107	70
109	69.9
110	69.9
112	69.9
113	69.7
115	69.5
117	69.4
118	69.4
120	69.6
122	69.7
124	69.4
125	68.9
127	68.7
129	68.7
131	68.7
133	68.7
135	68.6
137	68.5
139	68.5
141	68.6
143	68.8
145	68.9
147	68.9
149	69
151	69.2
154	69.1
156	68.7
158	68.5
160	68.5
163	68.4
165	68.1
168	67.7
170	67.4
172	67.5
175	67.5
177	67.4
180	67.2
183	67.1
185	67.3
188	67.3
191	67.3
194	67.2
196	67.3
199	67.4
202	67.3
205	67
208	67
211	67.3
214	67.4
217	67.1
220	66.8
224	66.7
227	66.5
230	66.3
234	66.6
237	66.7
240	66.8
244	66.9
247	67
251	67.3
255	67.3
258	67.2
262	67.4
266	67.5
270	67.4
274	67.2
278	66.8
282	66.7
286	66.9
290	67.1
294	67.1
298	67
303	67
307	67.3
312	67.2
316	67.1
321	67.1
325	67
330	66.9
335	67
340	67
345	67
350	67
355	67
360	66.9
365	66.9
371	67
376	67.2
382	67.2
387	67.2
393	67
398	67
404	67.1
410	67.2
416	67.3
422	67.3
428	67.4
434	67.6
441	67.3
447	67.2
454	67
460	67
467	67
474	67
481	67.1
488	67.2
495	67.2
502	67.1
509	67.3
517	67.5
524	67.5
532	67.2
540	67.2
547	67.4
555	67.5
563	67.6
572	67.6
580	67.6
588	67.6
597	67.4
606	67.3
614	67.2
623	67.1
632	67.2
642	67.2
651	67.2
660	67.2
670	67
680	67
690	67.1
700	67.2
710	67.3
720	67.3
731	67.5
741	67.4
752	67.2
763	67.1
774	66.9
785	67
797	67.1
808	67.1
820	66.9
832	66.8
844	66.9
856	67
869	67
882	66.9
894	66.8
907	66.9
921	67
934	67
948	66.9
961	66.9
975	66.8
990	66.8
1004	66.7
1019	66.8
1033	66.9
1048	67.1
1064	67.3
1079	67.4
1095	67.5
1111	67.5
1127	67.5
1143	67.6
1160	67.9
1177	68.1
1194	68.3
1211	68.3
1229	68.4
1247	68.3
1265	68.3
1283	68.5
1302	68.6
1321	68.6
1340	68.7
1360	68.8
1379	68.9
1399	69.2
1420	69.2
1440	69.2
1461	69.3
1483	69.4
1504	69.5
1526	69.6
1548	69.6
1571	69.5
1594	69.6
1617	69.6
1640	69.4
1664	69.4
1688	69.5
1713	69.5
1738	69.5
1763	69.7
1789	69.9
1815	70.1
1841	70.2
1868	70.2
1895	70.3
1923	70.3
1951	70.4
1979	70.5
2008	70.6
2037	70.6
2067	70.7
2097	70.8
2127	70.9
2158	71.1
2190	71.2
2221	71.2
2254	71.5
2287	71.8
2320	71.9
2354	72
2388	72.1
2423	72.2
2458	72.4
2494	72.6
2530	72.7
2567	72.8
2604	73
2642	73.1
2680	73.3
2719	73.3
2759	73.4
2799	73.5
2840	73.5
2881	73.5
2923	73.7
2965	73.6
3008	73.6
3052	73.6
3097	73.5
3142	73.5
3187	73.3
3234	73.2
3281	73.1
3328	73
3377	72.9
3426	72.8
3476	72.6
3526	72.6
3578	72.5
3630	72.4
3682	72.4
3736	72.3
3790	72.2
3846	72.2
3901	72.1
3958	72.1
4016	72.1
4074	72
4133	72
4194	72.1
4255	72.4
4316	72.5
4379	72.6
4443	72.8
4508	73
4573	73.1
4640	73.1
4707	73.1
4776	73.1
4845	73.2
4916	73.2
4987	73.2
5060	73.2
5133	73.2
5208	73.1
5284	73.1
5360	73.1
5438	73
5518	72.8
5598	72.6
5679	72.6
5762	72.5
5846	72.4
5931	72.3
6017	72.3
6104	72.4
6193	72.4
6283	72.5
6375	72.6
6467	72.8
6561	73.2
6657	73.6
6754	73.8
6852	74.1
6952	74.2
7053	74.3
7155	74.2
7259	74
7365	73.7
7472	73.5
7581	73.3
7691	73.1
7803	73
7916	72.9
8032	72.9
8148	72.8
8267	72.8
8387	72.7
8509	72.7
8633	72.5
8758	72.3
8886	72
9015	71.7
9146	71.5
9279	71.3
9414	71.1
9551	71
9690	70.9
9831	70.7
9974	70.4
10119	70.2
10266	70.2
10416	70.1
10567	70.1
10721	70.1
10877	70.2
11035	70.3
11196	70.3
11358	70.3
11524	70.3
11691	70.3
11861	70.3
12034	70.4
12209	70.4
12386	70.5
12567	70.5
12749	70.4
12935	70.3
13123	70.3
13314	70.2
13507	70.1
13704	70.2
13903	70.2
14105	70.4
14311	70.7
14519	70.8
14730	70.6
14944	70.1
15162	69.5
15382	68.6
15606	68.1
15833	67.8
16063	67.5
16297	67.3
16534	67.1
16774	66.8
17018	66.6
17266	66.5
17517	66.3
17772	66
18030	65.6
18293	65.2
18559	64.7
18829	64.2
19102	63.6
19380	63
20000	62.6
overall dB	96.2 dB
decay	Average
averaging	1/12 Octave
source	Headset Microphone 1 Low Range
latitude	0
longitude	0
saved	2024/10/25 11:44
peak	16.1Hz
