FFT	AudioTools 	v17.6 (3) iPad battery  92%	2024/04/23 12:49	Headset Microphone 1 Low Range	EB05A3E2-10AC-49FE-A287-06AC06EBE5AD
Frequency	dB	Unweighted
19.5	73.2
19.8	73.2
20.1	73.3
20.3	73.4
20.6	73.4
20.9	73.5
21.2	73.6
21.6	73.7
21.9	73.8
22.2	73.9
22.5	73.9
22.8	73.9
23.2	73.8
23.5	73.8
23.8	73.8
24.2	73.7
24.5	73.7
24.9	73.7
25.3	73.7
25.6	73.8
26	73.8
26.4	73.8
26.8	73.8
27.2	73.8
27.5	73.8
28	73.8
28.4	73.8
28.8	73.8
29.2	73.8
29.6	73.8
30	73.8
30.5	73.8
30.9	73.8
31.4	73.8
31.8	73.7
32.3	73.7
32.8	73.7
33.2	73.7
33.7	73.7
34.2	73.7
34.7	73.6
35.2	73.5
35.7	73.5
36.2	73.5
36.8	73.5
37.3	73.6
37.9	73.6
38.4	73.7
39	73.7
39.5	73.7
40.1	73.6
40.7	73.4
41.3	73.3
41.9	73.2
42.5	73.2
43.1	73.3
43.7	73.5
44.4	73.6
45	73.6
45.7	73.5
46.3	73.3
47	73.1
47.7	72.9
48.4	72.8
49.1	72.7
49.8	72.7
50.5	72.6
51.3	72.5
52	72.5
52.8	72.5
53.5	72.5
54.3	72.4
55.1	72.3
55.9	72.2
56.7	72.1
57.5	72.1
58.4	72.1
59.2	72.2
60.1	72.3
61	72.3
61.8	72.3
62.7	72.1
63.7	71.9
64.6	71.8
65.5	71.7
66.5	71.6
67.4	71.6
68.4	71.7
69.4	71.7
70.4	71.6
71.5	71.4
72.5	71.2
73.5	70.9
74.6	70.7
75.7	70.7
76.8	70.7
77.9	70.7
79.1	70.5
80.2	70.4
81.4	70.3
82.6	70.2
83.8	70
85	69.6
86.2	69.5
87.5	69.5
88.7	69.4
90	69.3
91.3	69.2
92.7	69.2
94	69
95.4	69
96.8	69
98.2	69.1
99.6	69
101	68.8
103	68.7
104	68.6
106	68.6
107	68.6
109	68.5
110	68.5
112	68.5
113	68.4
115	68.2
117	68.1
118	68
120	68.2
122	68.3
124	68
125	67.5
127	67.1
129	66.8
131	66.7
133	66.7
135	66.5
137	66.5
139	66.4
141	66.3
143	66.3
145	66.2
147	66.3
149	66.4
151	66.5
154	66.4
156	66.2
158	66
160	66
163	66
165	66
168	65.7
170	65.4
172	65.4
175	65.3
177	65.3
180	65.2
183	65.2
185	65.4
188	65.4
191	65.3
194	65.1
196	65.1
199	65.2
202	65.1
205	64.9
208	64.8
211	64.7
214	64.6
217	64.4
220	64.4
224	64.3
227	64
230	63.8
234	63.9
237	64
240	63.8
244	63.6
247	63.6
251	63.8
255	63.7
258	63.6
262	63.8
266	63.8
270	63.7
274	63.5
278	63.4
282	63.2
286	63.1
290	63
294	63.1
298	63.2
303	63.2
307	63.3
312	63.1
316	63
321	63.1
325	63
330	63
335	63
340	62.7
345	62.5
350	62.6
355	62.7
360	62.4
365	62.4
371	62.4
376	62.4
382	62.3
387	62.2
393	62.3
398	62.3
404	62.5
410	62.5
416	62.5
422	62.5
428	62.5
434	62.5
441	62.3
447	62.3
454	62.4
460	62.7
467	62.7
474	62.5
481	62.4
488	62.3
495	62.4
502	62.5
509	62.7
517	62.8
524	62.7
532	62.5
540	62.4
547	62.5
555	62.7
563	63
572	63
580	62.9
588	62.8
597	62.8
606	62.8
614	62.7
623	62.6
632	62.9
642	62.9
651	62.9
660	62.9
670	62.8
680	62.8
690	63
700	63
710	63
720	63.1
731	63.3
741	63.3
752	63.3
763	63.2
774	63.3
785	63.5
797	63.5
808	63.4
820	63.4
832	63.6
844	63.7
856	63.6
869	63.6
882	63.7
894	63.9
907	64
921	64.1
934	64.2
948	64.2
961	64.3
975	64.3
990	64.2
1004	64.2
1019	64.3
1033	64.6
1048	64.7
1064	64.9
1079	65
1095	65.1
1111	65.2
1127	65.3
1143	65.5
1160	65.6
1177	65.9
1194	65.9
1211	65.9
1229	66
1247	66.2
1265	66.3
1283	66.4
1302	66.6
1321	66.7
1340	66.6
1360	66.6
1379	66.8
1399	67
1420	67.1
1440	67.3
1461	67.5
1483	67.5
1504	67.5
1526	67.7
1548	67.7
1571	67.8
1594	68
1617	68.1
1640	68
1664	68
1688	68.2
1713	68.2
1738	68.4
1763	68.5
1789	68.6
1815	68.7
1841	68.8
1868	69
1895	69.1
1923	69.3
1951	69.4
1979	69.4
2008	69.6
2037	69.7
2067	69.9
2097	70
2127	70.2
2158	70.3
2190	70.4
2221	70.5
2254	70.6
2287	70.7
2320	70.9
2354	71.1
2388	71.2
2423	71.4
2458	71.6
2494	71.7
2530	71.9
2567	72.1
2604	72.2
2642	72.3
2680	72.4
2719	72.4
2759	72.6
2799	72.8
2840	72.7
2881	72.8
2923	72.9
2965	73
3008	73
3052	73
3097	72.9
3142	72.9
3187	72.8
3234	72.7
3281	72.8
3328	72.8
3377	72.8
3426	72.8
3476	72.8
3526	72.7
3578	72.6
3630	72.6
3682	72.5
3736	72.4
3790	72.3
3846	72.3
3901	72.2
3958	72.1
4016	72
4074	71.9
4133	71.8
4194	71.7
4255	71.6
4316	71.5
4379	71.3
4443	71.2
4508	71.1
4573	71
4640	70.9
4707	70.8
4776	70.7
4845	70.7
4916	70.6
4987	70.5
5060	70.4
5133	70.4
5208	70.4
5284	70.5
5360	70.5
5438	70.5
5518	70.5
5598	70.6
5679	70.7
5762	70.7
5846	70.7
5931	70.7
6017	70.6
6104	70.4
6193	70.3
6283	70.1
6375	69.9
6467	69.7
6561	69.4
6657	69.2
6754	69.1
6852	69.1
6952	69
7053	69
7155	69.1
7259	69.2
7365	69.5
7472	69.8
7581	70.1
7691	70.4
7803	70.7
7916	70.9
8032	71
8148	70.9
8267	70.6
8387	69.9
8509	69.2
8633	68.4
8758	67.8
8886	67.2
9015	66.6
9146	66.1
9279	65.8
9414	65.4
9551	65.2
9690	65
9831	64.7
9974	64.5
10119	64.4
10266	64.3
10416	64.2
10567	64.2
10721	64.2
10877	64.1
11035	64.1
11196	63.9
11358	63.9
11524	63.8
11691	63.7
11861	63.6
12034	63.6
12209	63.6
12386	63.6
12567	63.6
12749	63.6
12935	63.5
13123	63.5
13314	63.4
13507	63.3
13704	63.2
13903	63
14105	63
14311	63
14519	62.9
14730	63
14944	63.2
15162	63.6
15382	64.6
15606	65.2
15833	65.3
16063	64.8
16297	63.9
16534	63.1
16774	62.3
17018	61.7
17266	61.2
17517	60.7
17772	60.4
18030	60.1
18293	59.7
18559	59.3
18829	58.9
19102	58.5
19380	58.1
20000	57.7
overall dB	95.1 dB
decay	Average
averaging	1/12 Octave
source	Headset Microphone 1 Low Range
latitude	0
longitude	0
saved	2024/04/23 12:49
peak	16.1Hz
