FFT	AudioTools 	v36 iPad battery 100%	2023/06/25 13:57	Headset Microphone 1 Low Range	EB05A3E2-10AC-49FE-A287-06AC06EBE5AD
Frequency	dB	Unweighted
19.5	68.4
19.8	68.5
20.1	68.5
20.3	68.5
20.6	68.6
20.9	68.7
21.2	68.8
21.6	68.9
21.9	69
22.2	69
22.5	69.1
22.8	69.1
23.2	69.1
23.5	69.1
23.8	69.1
24.2	69.1
24.5	69.2
24.9	69.2
25.3	69.3
25.6	69.4
26	69.5
26.4	69.6
26.8	69.7
27.2	69.7
27.5	69.7
28	69.8
28.4	69.8
28.8	69.8
29.2	69.9
29.6	70
30	70.1
30.5	70.2
30.9	70.2
31.4	70.3
31.8	70.3
32.3	70.4
32.8	70.4
33.2	70.4
33.7	70.5
34.2	70.5
34.7	70.5
35.2	70.4
35.7	70.4
36.2	70.4
36.8	70.3
37.3	70.3
37.9	70.3
38.4	70.3
39	70.3
39.5	70.3
40.1	70.3
40.7	70.2
41.3	70.1
41.9	70.1
42.5	70.1
43.1	70.2
43.7	70.4
44.4	70.5
45	70.5
45.7	70.4
46.3	70.3
47	70.2
47.7	70.2
48.4	70.1
49.1	70
49.8	70
50.5	70
51.3	70
52	70.1
52.8	70.1
53.5	70.1
54.3	70.1
55.1	70
55.9	69.9
56.7	69.9
57.5	70
58.4	70.1
59.2	70.2
60.1	70.3
61	70.2
61.8	70.1
62.7	70
63.7	69.9
64.6	69.9
65.5	69.9
66.5	69.9
67.4	69.8
68.4	69.8
69.4	69.7
70.4	69.6
71.5	69.6
72.5	69.6
73.5	69.5
74.6	69.4
75.7	69.3
76.8	69.3
77.9	69.3
79.1	69.3
80.2	69.3
81.4	69.2
82.6	69.1
83.8	68.9
85	68.8
86.2	68.8
87.5	68.8
88.7	68.8
90	68.8
91.3	68.7
92.7	68.7
94	68.7
95.4	68.6
96.8	68.5
98.2	68.4
99.6	68.3
101	68.3
103	68.3
104	68.3
106	68.3
107	68.2
109	68.1
110	68.1
112	68.1
113	68
115	67.9
117	67.8
118	67.8
120	67.8
122	67.7
124	67.5
125	67.3
127	67.3
129	67.3
131	67.3
133	67.2
135	67.1
137	67
139	66.9
141	67
143	67.1
145	67.1
147	66.9
149	66.8
151	66.7
154	66.6
156	66.6
158	66.5
160	66.4
163	66.4
165	66.4
168	66.2
170	66.1
172	65.9
175	65.9
177	65.9
180	65.8
183	65.7
185	65.6
188	65.5
191	65.4
194	65.3
196	65.2
199	65.2
202	65.1
205	65
208	64.9
211	64.9
214	64.9
217	64.8
220	64.7
224	64.5
227	64.4
230	64.3
234	64.3
237	64.4
240	64.3
244	64.2
247	64.2
251	64.1
255	64.1
258	64
262	63.9
266	63.9
270	63.9
274	63.7
278	63.6
282	63.5
286	63.5
290	63.4
294	63.3
298	63.4
303	63.4
307	63.3
312	63.2
316	63.1
321	62.9
325	62.8
330	62.9
335	62.9
340	62.8
345	62.8
350	62.7
355	62.7
360	62.6
365	62.6
371	62.6
376	62.6
382	62.5
387	62.4
393	62.3
398	62.2
404	62.3
410	62.3
416	62.2
422	62.2
428	62.2
434	62.2
441	62.1
447	62
454	61.9
460	61.8
467	61.8
474	61.7
481	61.6
488	61.6
495	61.6
502	61.6
509	61.8
517	61.7
524	61.7
532	61.6
540	61.6
547	61.7
555	61.7
563	61.6
572	61.5
580	61.5
588	61.5
597	61.4
606	61.5
614	61.5
623	61.4
632	61.5
642	61.5
651	61.5
660	61.4
670	61.3
680	61.3
690	61.3
700	61.4
710	61.4
720	61.4
731	61.5
741	61.5
752	61.5
763	61.5
774	61.4
785	61.6
797	61.6
808	61.6
820	61.7
832	61.7
844	61.8
856	61.8
869	61.9
882	61.9
894	61.9
907	62
921	62.1
934	62.2
948	62.3
961	62.4
975	62.4
990	62.5
1004	62.6
1019	62.5
1033	62.7
1048	62.9
1064	63
1079	63.2
1095	63.3
1111	63.4
1127	63.5
1143	63.6
1160	63.8
1177	64.1
1194	64.3
1211	64.5
1229	64.6
1247	64.6
1265	64.6
1283	64.7
1302	64.8
1321	64.9
1340	65.1
1360	65.3
1379	65.5
1399	65.7
1420	65.8
1440	66
1461	66.2
1483	66.3
1504	66.5
1526	66.6
1548	66.7
1571	66.9
1594	67.1
1617	67.2
1640	67.3
1664	67.4
1688	67.6
1713	67.7
1738	67.8
1763	68
1789	68
1815	68.2
1841	68.3
1868	68.3
1895	68.3
1923	68.3
1951	68.3
1979	68.3
2008	68.2
2037	68.3
2067	68.3
2097	68.3
2127	68.3
2158	68.3
2190	68.3
2221	68.4
2254	68.5
2287	68.7
2320	68.8
2354	69
2388	69.1
2423	69.2
2458	69.4
2494	69.6
2530	69.8
2567	69.9
2604	70
2642	70.1
2680	70
2719	70
2759	69.9
2799	69.8
2840	69.8
2881	69.7
2923	69.7
2965	69.6
3008	69.5
3052	69.3
3097	69.2
3142	69
3187	68.9
3234	68.8
3281	68.7
3328	68.6
3377	68.5
3426	68.4
3476	68.3
3526	68.2
3578	68.1
3630	68.1
3682	68.1
3736	68.1
3790	68.1
3846	68.1
3901	68.1
3958	68.2
4016	68.4
4074	68.5
4133	68.7
4194	68.9
4255	69.2
4316	69.5
4379	69.7
4443	69.9
4508	70.1
4573	70.2
4640	70.1
4707	69.9
4776	69.7
4845	69.2
4916	68.5
4987	67.6
5060	66.6
5133	65.6
5208	64.5
5284	63.4
5360	62.4
5438	61.5
5518	60.8
5598	60.4
5679	60.3
5762	60.4
5846	60.9
5931	61.6
6017	62.4
6104	63.4
6193	64.4
6283	65.4
6375	66.3
6467	67
6561	67.5
6657	67.5
6754	67.4
6852	67.1
6952	66.7
7053	66.3
7155	66
7259	65.7
7365	65.4
7472	65.2
7581	65
7691	64.9
7803	64.9
7916	65
8032	65.2
8148	65.4
8267	65.8
8387	66.3
8509	66.9
8633	67.6
8758	68.4
8886	69
9015	69.2
9146	69
9279	68.2
9414	67.1
9551	65.8
9690	64.5
9831	63.2
9974	61.8
10119	61.2
10266	60.9
10416	60.7
10567	60.7
10721	60.7
10877	60.6
11035	60.4
11196	60.3
11358	60.1
11524	60
11691	59.9
11861	59.9
12034	60.1
12209	60.3
12386	60.8
12567	61.5
12749	62.5
12935	63.6
13123	64.8
13314	65.5
13507	65.3
13704	64.5
13903	63.4
14105	61.9
14311	60.3
14519	58.8
14730	57.5
14944	56.5
15162	55.7
15382	54.8
15606	54.4
15833	54.4
16063	54.5
16297	54.6
16534	54.9
16774	55.4
17018	55.8
17266	55.9
17517	55.7
17772	55.1
18030	54.3
18293	53.5
18559	52.7
18829	51.9
19102	51
19380	49.9
20000	48.9
overall dB	91.3 dB
decay	Average
averaging	1/12 Octave
source	Headset Microphone 1 Low Range
latitude	0
longitude	0
saved	2023/06/25 13:57
peak	22.0Hz
