FFT	AudioTools 	v17.14 (5) iPad battery  72%	2024/10/28 11:26	Headset Microphone 1 Low Range	EB05A3E2-10AC-49FE-A287-06AC06EBE5AD
Frequency	dB	Unweighted
19.5	71.8
19.8	71.8
20.1	71.8
20.3	71.8
20.6	71.9
20.9	72
21.2	72.1
21.6	72.2
21.9	72.3
22.2	72.3
22.5	72.4
22.8	72.3
23.2	72.3
23.5	72.2
23.8	72.2
24.2	72.2
24.5	72.1
24.9	72.1
25.3	72.1
25.6	72.1
26	72.1
26.4	72.1
26.8	72.1
27.2	72
27.5	72
28	72
28.4	72
28.8	72
29.2	72.1
29.6	72.2
30	72.3
30.5	72.4
30.9	72.5
31.4	72.5
31.8	72.5
32.3	72.5
32.8	72.5
33.2	72.5
33.7	72.5
34.2	72.4
34.7	72.3
35.2	72.2
35.7	72.1
36.2	72.1
36.8	72
37.3	72
37.9	72
38.4	72
39	72.1
39.5	72
40.1	72
40.7	71.9
41.3	71.8
41.9	71.8
42.5	71.9
43.1	72.1
43.7	72.3
44.4	72.4
45	72.4
45.7	72.3
46.3	72.1
47	71.9
47.7	71.8
48.4	71.7
49.1	71.5
49.8	71.4
50.5	71.3
51.3	71.3
52	71.3
52.8	71.4
53.5	71.4
54.3	71.4
55.1	71.4
55.9	71.3
56.7	71.2
57.5	71.3
58.4	71.4
59.2	71.5
60.1	71.6
61	71.7
61.8	71.7
62.7	71.6
63.7	71.4
64.6	71.3
65.5	71.3
66.5	71.2
67.4	71.1
68.4	71
69.4	70.9
70.4	70.8
71.5	70.7
72.5	70.7
73.5	70.6
74.6	70.5
75.7	70.5
76.8	70.5
77.9	70.5
79.1	70.5
80.2	70.4
81.4	70.4
82.6	70.3
83.8	70.1
85	69.9
86.2	69.8
87.5	69.9
88.7	69.9
90	69.7
91.3	69.6
92.7	69.6
94	69.5
95.4	69.4
96.8	69.5
98.2	69.5
99.6	69.5
101	69.4
103	69.3
104	69.3
106	69.3
107	69.2
109	69.2
110	69.3
112	69.3
113	69.2
115	69
117	68.9
118	68.9
120	69
122	69
124	68.7
125	68.3
127	68.1
129	68.1
131	68.1
133	68
135	67.8
137	67.6
139	67.6
141	67.6
143	67.6
145	67.6
147	67.6
149	67.7
151	68
154	68.1
156	68
158	68
160	68
163	68
165	67.8
168	67.5
170	67.1
172	67
175	67
177	66.9
180	66.8
183	66.6
185	66.6
188	66.6
191	66.5
194	66.5
196	66.5
199	66.6
202	66.6
205	66.4
208	66.4
211	66.6
214	66.7
217	66.5
220	66.2
224	65.9
227	65.7
230	65.6
234	65.7
237	65.8
240	65.9
244	65.9
247	65.9
251	65.9
255	65.9
258	65.8
262	65.9
266	65.8
270	65.7
274	65.6
278	65.3
282	65.1
286	65.1
290	65.1
294	65.1
298	65
303	65
307	65.1
312	65.1
316	64.9
321	64.8
325	64.8
330	64.8
335	64.9
340	64.8
345	64.8
350	64.9
355	64.9
360	64.7
365	64.7
371	64.7
376	64.7
382	64.6
387	64.5
393	64.4
398	64.4
404	64.5
410	64.4
416	64.4
422	64.4
428	64.4
434	64.4
441	64.2
447	64.2
454	64.1
460	64.1
467	63.9
474	63.9
481	64
488	64.1
495	64
502	64.1
509	64.2
517	64.3
524	64.3
532	64.1
540	64.1
547	64.3
555	64.4
563	64.4
572	64.4
580	64.3
588	64.3
597	64.2
606	64.1
614	64.1
623	64.1
632	64.2
642	64.2
651	64.2
660	64.1
670	64
680	63.9
690	63.9
700	64.1
710	64.1
720	64.2
731	64.4
741	64.4
752	64.4
763	64.3
774	64.3
785	64.4
797	64.3
808	64.3
820	64.3
832	64.3
844	64.5
856	64.6
869	64.7
882	64.5
894	64.5
907	64.7
921	64.9
934	64.9
948	65
961	65
975	64.9
990	64.9
1004	64.9
1019	65
1033	65.1
1048	65.4
1064	65.5
1079	65.6
1095	65.8
1111	65.8
1127	65.9
1143	66
1160	66.2
1177	66.8
1194	66.9
1211	67
1229	67.2
1247	67.2
1265	67.3
1283	67.6
1302	67.7
1321	67.8
1340	67.9
1360	68.1
1379	68.3
1399	68.5
1420	68.7
1440	68.8
1461	68.9
1483	69.1
1504	69.3
1526	69.4
1548	69.5
1571	69.7
1594	69.9
1617	70
1640	70
1664	70.2
1688	70.4
1713	70.5
1738	70.7
1763	71
1789	71.2
1815	71.4
1841	71.6
1868	71.8
1895	71.9
1923	72
1951	72.1
1979	72.2
2008	72.2
2037	72.2
2067	72.3
2097	72.3
2127	72.3
2158	72.4
2190	72.3
2221	72.3
2254	72.4
2287	72.4
2320	72.4
2354	72.4
2388	72.3
2423	72.2
2458	72.2
2494	72.1
2530	72.1
2567	72
2604	71.9
2642	71.9
2680	71.7
2719	71.6
2759	71.3
2799	71.2
2840	71.1
2881	70.9
2923	70.9
2965	70.8
3008	70.7
3052	70.6
3097	70.4
3142	70.2
3187	70
3234	69.8
3281	69.7
3328	69.6
3377	69.4
3426	69.2
3476	69.2
3526	69.2
3578	69.1
3630	69.2
3682	69.3
3736	69.3
3790	69.4
3846	69.5
3901	69.4
3958	69.4
4016	69.4
4074	69.3
4133	69.1
4194	69
4255	68.8
4316	68.7
4379	68.6
4443	68.6
4508	68.5
4573	68.4
4640	68.3
4707	68.1
4776	68
4845	68
4916	68.1
4987	68.1
5060	68.2
5133	68.3
5208	68.5
5284	68.7
5360	68.9
5438	69.1
5518	69.2
5598	69.4
5679	69.5
5762	69.6
5846	69.6
5931	69.6
6017	69.7
6104	69.7
6193	69.7
6283	69.7
6375	69.7
6467	69.7
6561	69.7
6657	69.7
6754	69.8
6852	69.8
6952	69.9
7053	69.9
7155	70
7259	70
7365	70
7472	69.9
7581	69.6
7691	69.2
7803	68.6
7916	68.1
8032	67.8
8148	67.8
8267	68.1
8387	68.4
8509	68.4
8633	68.1
8758	67.7
8886	67.2
9015	66.8
9146	66.4
9279	66.1
9414	65.8
9551	65.5
9690	65.3
9831	65.2
9974	65.1
10119	65
10266	65.1
10416	65.3
10567	65.5
10721	65.7
10877	65.7
11035	65.5
11196	65.3
11358	64.9
11524	64.3
11691	63.9
11861	63.4
12034	63.1
12209	62.8
12386	62.7
12567	62.7
12749	62.6
12935	62.7
13123	62.8
13314	62.9
13507	63.1
13704	63.6
13903	64
14105	64.5
14311	65.2
14519	65.9
14730	66.5
14944	67.1
15162	67.6
15382	68.2
15606	68.8
15833	69.5
16063	70.5
16297	71.9
16534	73.3
16774	74.2
17018	74.4
17266	73.8
17517	72.7
17772	71.6
18030	70.5
18293	69.4
18559	68.3
18829	67
19102	65.5
19380	64
20000	62.8
overall dB	94.2 dB
decay	Average
averaging	1/12 Octave
source	Headset Microphone 1 Low Range
latitude	0
longitude	0
saved	2024/10/28 11:26
peak	22.0Hz
