FFT	AudioTools 	v17.5 (101) iPad battery 100%	2024/04/08 12:47	Headset Microphone 1 Low Range	EB05A3E2-10AC-49FE-A287-06AC06EBE5AD
Frequency	dB	Unweighted
19.5	70
19.8	70
20.1	70.1
20.3	70.1
20.6	70.2
20.9	70.3
21.2	70.4
21.6	70.5
21.9	70.6
22.2	70.7
22.5	70.8
22.8	70.8
23.2	70.8
23.5	70.8
23.8	70.8
24.2	70.8
24.5	70.7
24.9	70.7
25.3	70.6
25.6	70.6
26	70.5
26.4	70.5
26.8	70.5
27.2	70.5
27.5	70.5
28	70.6
28.4	70.6
28.8	70.6
29.2	70.7
29.6	70.7
30	70.8
30.5	70.8
30.9	70.8
31.4	70.8
31.8	70.8
32.3	70.7
32.8	70.7
33.2	70.7
33.7	70.7
34.2	70.8
34.7	70.9
35.2	71
35.7	71.1
36.2	71.1
36.8	71.1
37.3	71
37.9	70.9
38.4	70.8
39	70.8
39.5	70.8
40.1	70.8
40.7	70.7
41.3	70.7
41.9	70.6
42.5	70.7
43.1	70.8
43.7	71
44.4	71
45	70.9
45.7	70.7
46.3	70.5
47	70.3
47.7	70.3
48.4	70.2
49.1	70.2
49.8	70.2
50.5	70.2
51.3	70.2
52	70.2
52.8	70.2
53.5	70.2
54.3	70.2
55.1	70.1
55.9	69.9
56.7	69.8
57.5	69.7
58.4	69.6
59.2	69.6
60.1	69.6
61	69.7
61.8	69.9
62.7	70
63.7	70
64.6	70.1
65.5	70
66.5	70
67.4	69.9
68.4	69.9
69.4	69.8
70.4	69.6
71.5	69.5
72.5	69.4
73.5	69.2
74.6	69.1
75.7	69
76.8	69.1
77.9	69.1
79.1	69.1
80.2	68.9
81.4	68.8
82.6	68.7
83.8	68.6
85	68.5
86.2	68.5
87.5	68.5
88.7	68.5
90	68.2
91.3	68.1
92.7	68.1
94	68.1
95.4	67.9
96.8	67.8
98.2	67.9
99.6	67.9
101	67.8
103	67.8
104	67.7
106	67.6
107	67.6
109	67.7
110	67.8
112	67.8
113	67.6
115	67.4
117	67.3
118	67.3
120	67.2
122	67.1
124	66.9
125	66.8
127	66.7
129	66.7
131	66.6
133	66.5
135	66.5
137	66.5
139	66.3
141	66.3
143	66.3
145	66.2
147	66
149	66
151	66.2
154	66.2
156	66.1
158	66.1
160	66.1
163	66
165	65.8
168	65.5
170	65.2
172	65.2
175	65.1
177	65
180	65
183	64.9
185	64.7
188	64.7
191	64.8
194	64.8
196	64.8
199	64.7
202	64.5
205	64.3
208	64.3
211	64.4
214	64.6
217	64.5
220	64.3
224	64
227	63.8
230	63.6
234	63.7
237	64
240	64
244	64
247	64.1
251	64
255	64.1
258	64
262	64
266	64
270	64
274	63.9
278	63.6
282	63.5
286	63.4
290	63.4
294	63.4
298	63.4
303	63.4
307	63.4
312	63.4
316	63.3
321	63.1
325	63
330	62.9
335	62.9
340	62.8
345	62.9
350	63
355	63
360	62.9
365	62.9
371	63
376	63
382	62.9
387	62.8
393	62.7
398	62.7
404	62.8
410	62.7
416	62.7
422	62.7
428	62.7
434	62.7
441	62.6
447	62.4
454	62.4
460	62.5
467	62.5
474	62.5
481	62.6
488	62.7
495	62.5
502	62.5
509	62.6
517	62.6
524	62.6
532	62.5
540	62.7
547	63
555	62.8
563	62.6
572	62.6
580	62.7
588	62.7
597	62.6
606	62.6
614	62.6
623	62.5
632	62.6
642	62.6
651	62.6
660	62.6
670	62.6
680	62.6
690	62.7
700	62.7
710	62.8
720	62.9
731	63.1
741	63
752	63
763	63.1
774	63.2
785	63.3
797	63.2
808	63.2
820	63.2
832	63.4
844	63.5
856	63.7
869	63.7
882	63.7
894	63.8
907	63.9
921	63.9
934	64
948	64.2
961	64.3
975	64.3
990	64.3
1004	64.4
1019	64.4
1033	64.6
1048	64.8
1064	64.9
1079	65.1
1095	65.2
1111	65.3
1127	65.4
1143	65.5
1160	65.7
1177	66.2
1194	66.3
1211	66.4
1229	66.6
1247	66.7
1265	67
1283	67.2
1302	67.3
1321	67.5
1340	67.7
1360	67.9
1379	68.2
1399	68.4
1420	68.6
1440	68.9
1461	69.1
1483	69.4
1504	69.6
1526	69.8
1548	70.1
1571	70.3
1594	70.5
1617	70.8
1640	70.9
1664	71.2
1688	71.4
1713	71.7
1738	72
1763	72.3
1789	72.4
1815	72.7
1841	72.8
1868	72.9
1895	73
1923	73
1951	73
1979	72.8
2008	72.8
2037	72.8
2067	72.7
2097	72.7
2127	72.6
2158	72.5
2190	72.4
2221	72.3
2254	72.3
2287	72.3
2320	72.3
2354	72.3
2388	72.2
2423	72.1
2458	72.1
2494	72.1
2530	72.1
2567	72.1
2604	72.1
2642	72.2
2680	72.3
2719	72.4
2759	72.5
2799	72.6
2840	72.7
2881	72.8
2923	73
2965	73
3008	73.1
3052	73.1
3097	73.1
3142	73.1
3187	73.1
3234	73.2
3281	73.3
3328	73.5
3377	73.8
3426	74.2
3476	74.6
3526	74.9
3578	75.1
3630	75.2
3682	75.2
3736	75
3790	74.7
3846	74.1
3901	73.5
3958	72.9
4016	72.3
4074	71.7
4133	71.1
4194	70.6
4255	69.9
4316	69.5
4379	69.1
4443	68.8
4508	68.5
4573	68.2
4640	68
4707	67.8
4776	67.7
4845	67.7
4916	67.7
4987	67.7
5060	67.8
5133	67.9
5208	68.1
5284	68.4
5360	68.7
5438	69
5518	69.3
5598	69.6
5679	69.9
5762	69.9
5846	69.7
5931	69.4
6017	68.8
6104	68.1
6193	67.4
6283	66.6
6375	65.8
6467	65.1
6561	64.3
6657	63.9
6754	63.6
6852	63.3
6952	63.3
7053	63.2
7155	63.3
7259	63.5
7365	63.9
7472	64.5
7581	65.3
7691	66.1
7803	66.8
7916	67.4
8032	67.7
8148	68
8267	67.9
8387	67.4
8509	66.8
8633	66.3
8758	66
8886	66
9015	66.3
9146	66.9
9279	67.6
9414	68.3
9551	68.9
9690	69.3
9831	69.6
9974	69.9
10119	70.1
10266	70.2
10416	70.3
10567	70
10721	69.5
10877	68.6
11035	67.4
11196	66.2
11358	65
11524	63.9
11691	63
11861	62.4
12034	61.9
12209	61.5
12386	61.1
12567	60.7
12749	60.4
12935	60.1
13123	59.9
13314	59.7
13507	59.6
13704	59.6
13903	59.4
14105	59.3
14311	59.1
14519	58.9
14730	58.7
14944	58.5
15162	58.1
15382	57.3
15606	57.5
15833	58.5
16063	59.9
16297	60.9
16534	61
16774	60.5
17018	59.9
17266	59.1
17517	58.6
17772	58.2
18030	57.9
18293	57.8
18559	57.9
18829	58
19102	58.1
19380	57.9
20000	57.5
overall dB	93.4 dB
decay	Average
averaging	1/12 Octave
source	Headset Microphone 1 Low Range
latitude	0
longitude	0
saved	2024/04/08 12:47
peak	22.0Hz
