FFT	AudioTools 	v17.10 (4) iPad battery  49%	2024/07/07 17:11	Headset Microphone 1 Low Range	EB05A3E2-10AC-49FE-A287-06AC06EBE5AD
Frequency	dB	Unweighted
19.5	71
19.8	71.1
20.1	71.2
20.3	71.3
20.6	71.4
20.9	71.5
21.2	71.6
21.6	71.8
21.9	71.9
22.2	71.9
22.5	72
22.8	72
23.2	72.1
23.5	72.1
23.8	72.1
24.2	72.2
24.5	72.2
24.9	72.3
25.3	72.4
25.6	72.4
26	72.5
26.4	72.5
26.8	72.5
27.2	72.5
27.5	72.5
28	72.5
28.4	72.6
28.8	72.7
29.2	72.8
29.6	73
30	73.1
30.5	73.2
30.9	73.3
31.4	73.3
31.8	73.4
32.3	73.4
32.8	73.4
33.2	73.3
33.7	73.3
34.2	73.3
34.7	73.3
35.2	73.3
35.7	73.3
36.2	73.3
36.8	73.4
37.3	73.4
37.9	73.5
38.4	73.6
39	73.7
39.5	73.7
40.1	73.6
40.7	73.5
41.3	73.3
41.9	73.2
42.5	73.2
43.1	73.4
43.7	73.6
44.4	73.8
45	73.8
45.7	73.8
46.3	73.7
47	73.6
47.7	73.6
48.4	73.6
49.1	73.6
49.8	73.7
50.5	73.7
51.3	73.7
52	73.6
52.8	73.6
53.5	73.6
54.3	73.6
55.1	73.5
55.9	73.3
56.7	73.2
57.5	73.1
58.4	73.1
59.2	73.3
60.1	73.5
61	73.6
61.8	73.7
62.7	73.7
63.7	73.6
64.6	73.6
65.5	73.6
66.5	73.7
67.4	73.7
68.4	73.8
69.4	73.8
70.4	73.7
71.5	73.4
72.5	73.2
73.5	73
74.6	72.8
75.7	72.8
76.8	73
77.9	73.2
79.1	73.2
80.2	73
81.4	72.9
82.6	72.8
83.8	72.7
85	72.3
86.2	72.2
87.5	72.3
88.7	72.3
90	72.1
91.3	71.9
92.7	72
94	72.2
95.4	72
96.8	71.9
98.2	72
99.6	72
101	72
103	72
104	72
106	72.2
107	72.2
109	72.2
110	72
112	72
113	71.7
115	71.5
117	71.5
118	71.5
120	71.6
122	71.6
124	71.4
125	71.2
127	71
129	70.8
131	70.7
133	70.7
135	70.5
137	70.5
139	70.6
141	70.7
143	70.8
145	70.9
147	70.8
149	70.8
151	71
154	71.2
156	70.9
158	70.5
160	70.2
163	70
165	69.8
168	69.4
170	69.3
172	69.2
175	69.3
177	69.3
180	69.1
183	68.8
185	68.6
188	68.6
191	68.5
194	68.6
196	68.6
199	68.6
202	68.7
205	68.5
208	68.3
211	68.3
214	68.6
217	68.4
220	68
224	67.5
227	67.3
230	67.2
234	67.3
237	67.6
240	67.6
244	67.3
247	67.2
251	67.3
255	67.4
258	67.2
262	67.2
266	67
270	66.8
274	66.7
278	66.4
282	66.4
286	66.2
290	66.1
294	66.3
298	66.3
303	66
307	65.8
312	65.9
316	65.8
321	65.7
325	65.6
330	65.5
335	65.4
340	65.4
345	65.2
350	65.3
355	65.3
360	65.1
365	64.9
371	64.8
376	64.9
382	65
387	64.8
393	64.4
398	64.3
404	64.3
410	64.3
416	64.6
422	64.5
428	64.3
434	64.4
441	64.2
447	64
454	63.7
460	63.4
467	63.5
474	63.4
481	63.2
488	63.3
495	63.4
502	63
509	63.2
517	63.4
524	63.4
532	63.3
540	63
547	63.2
555	63.3
563	63.1
572	62.9
580	63
588	62.9
597	62.6
606	62.4
614	62.4
623	62.6
632	62.7
642	62.6
651	62.5
660	62.4
670	62.3
680	62.2
690	62.1
700	62.3
710	62.4
720	62.1
731	62.2
741	62.3
752	62.2
763	62.1
774	62.1
785	62.2
797	62.4
808	62.1
820	62
832	62
844	62.3
856	62.5
869	62.3
882	62.2
894	62.3
907	62.4
921	62.6
934	62.7
948	62.8
961	62.7
975	62.6
990	62.4
1004	62.2
1019	62.1
1033	62.2
1048	62.3
1064	62.6
1079	62.8
1095	63
1111	63
1127	62.9
1143	63.1
1160	63.4
1177	63.7
1194	63.9
1211	64
1229	64.1
1247	64.3
1265	64.3
1283	64.5
1302	64.7
1321	64.8
1340	64.8
1360	65.2
1379	65.7
1399	66.2
1420	66.5
1440	66.6
1461	66.6
1483	66.9
1504	67.1
1526	67.3
1548	67.5
1571	67.6
1594	67.6
1617	67.9
1640	67.9
1664	67.9
1688	68
1713	68.1
1738	68.2
1763	68.5
1789	68.7
1815	68.9
1841	69.3
1868	69.4
1895	69.7
1923	69.7
1951	70.1
1979	70.2
2008	70.5
2037	70.6
2067	71
2097	71.3
2127	71.4
2158	71.7
2190	72
2221	72.1
2254	72.3
2287	72.7
2320	73.1
2354	73.4
2388	73.7
2423	73.9
2458	74.2
2494	74.4
2530	74.4
2567	74.6
2604	74.7
2642	74.9
2680	74.9
2719	75
2759	75
2799	74.8
2840	74.8
2881	74.6
2923	74.6
2965	74.3
3008	74
3052	73.9
3097	73.6
3142	73.4
3187	73.2
3234	72.9
3281	72.7
3328	72.6
3377	72.5
3426	72.2
3476	71.8
3526	71.7
3578	71.5
3630	71.3
3682	71.2
3736	70.9
3790	70.7
3846	70.6
3901	70.2
3958	70.1
4016	69.9
4074	69.6
4133	69.3
4194	69.2
4255	69.1
4316	69.1
4379	68.9
4443	68.9
4508	68.9
4573	68.9
4640	69
4707	68.9
4776	68.9
4845	69.1
4916	69.2
4987	69.4
5060	69.7
5133	69.9
5208	70.1
5284	70.2
5360	70.6
5438	70.8
5518	70.9
5598	70.8
5679	70.9
5762	70.8
5846	70.6
5931	70.5
6017	70.6
6104	70.6
6193	70.7
6283	70.8
6375	71
6467	71.4
6561	71.6
6657	71.8
6754	72
6852	72
6952	71.8
7053	71.5
7155	71.2
7259	70.8
7365	70.4
7472	69.9
7581	69.5
7691	69.2
7803	69
7916	68.8
8032	68.6
8148	68.5
8267	68.4
8387	68.2
8509	68.3
8633	68.4
8758	68.4
8886	68.4
9015	68.4
9146	68.7
9279	68.8
9414	69.1
9551	69.4
9690	70
9831	70.7
9974	71.8
10119	72.5
10266	73
10416	73.1
10567	72.6
10721	71.8
10877	70.9
11035	69.9
11196	69.2
11358	68.7
11524	68.2
11691	67.8
11861	67.6
12034	67.5
12209	67.4
12386	67.4
12567	67.6
12749	67.7
12935	67.9
13123	68.1
13314	68.4
13507	68.6
13704	68.7
13903	68.7
14105	68.5
14311	68
14519	67.4
14730	66.9
14944	66.3
15162	65.7
15382	65.1
15606	64.8
15833	64.5
16063	64.2
16297	64
16534	63.8
16774	63.6
17018	63.3
17266	62.9
17517	62.6
17772	62.2
18030	61.7
18293	61.3
18559	60.8
18829	60.2
19102	59.6
19380	59
20000	58.5
overall dB	95.9 dB
decay	Average
averaging	1/24 Octave
source	Headset Microphone 1 Low Range
latitude	0
longitude	0
saved	2024/07/07 17:11
peak	22.0Hz
