FFT	AudioTools 	v17.3 (104) iPad battery 100%	2024/02/20 16:56	Headset Microphone 1 Low Range	EB05A3E2-10AC-49FE-A287-06AC06EBE5AD
Frequency	dB	Unweighted
19.5	68.4
19.8	68.2
20.1	68
20.3	67.8
20.6	67.7
20.9	67.7
21.2	67.7
21.6	67.7
21.9	67.8
22.2	67.9
22.5	68.1
22.8	68.2
23.2	68.3
23.5	68.5
23.8	68.6
24.2	68.7
24.5	68.7
24.9	68.8
25.3	68.9
25.6	69
26	69.1
26.4	69.1
26.8	69.1
27.2	69.1
27.5	69.1
28	69.1
28.4	69
28.8	69
29.2	68.9
29.6	68.9
30	68.8
30.5	68.8
30.9	68.7
31.4	68.6
31.8	68.5
32.3	68.3
32.8	68.2
33.2	68.2
33.7	68.3
34.2	68.4
34.7	68.5
35.2	68.6
35.7	68.7
36.2	68.8
36.8	68.9
37.3	68.9
37.9	68.9
38.4	68.9
39	68.9
39.5	68.9
40.1	68.9
40.7	68.8
41.3	68.8
41.9	68.7
42.5	68.7
43.1	68.7
43.7	68.6
44.4	68.6
45	68.6
45.7	68.6
46.3	68.6
47	68.7
47.7	68.7
48.4	68.6
49.1	68.6
49.8	68.6
50.5	68.6
51.3	68.7
52	68.7
52.8	68.7
53.5	68.7
54.3	68.7
55.1	68.8
55.9	68.8
56.7	68.8
57.5	68.8
58.4	68.7
59.2	68.7
60.1	68.6
61	68.6
61.8	68.5
62.7	68.4
63.7	68.4
64.6	68.4
65.5	68.4
66.5	68.4
67.4	68.3
68.4	68.2
69.4	68.2
70.4	68.1
71.5	68
72.5	67.9
73.5	67.8
74.6	67.8
75.7	67.8
76.8	67.7
77.9	67.8
79.1	67.8
80.2	67.7
81.4	67.6
82.6	67.5
83.8	67.4
85	67.3
86.2	67.2
87.5	67.1
88.7	67.1
90	66.9
91.3	66.8
92.7	66.7
94	66.7
95.4	66.6
96.8	66.5
98.2	66.4
99.6	66.3
101	66.3
103	66.2
104	66.1
106	66
107	65.9
109	65.8
110	65.6
112	65.4
113	65.3
115	65.2
117	65.1
118	65
120	64.9
122	64.9
124	64.8
125	64.7
127	64.7
129	64.6
131	64.6
133	64.5
135	64.4
137	64.3
139	64.3
141	64.1
143	64.1
145	64
147	64
149	64.2
151	64.2
154	64.2
156	64.2
158	64.2
160	64.1
163	63.9
165	63.8
168	63.8
170	63.8
172	63.8
175	63.7
177	63.6
180	63.5
183	63.4
185	63.3
188	63.2
191	63.2
194	63.1
196	63
199	63
202	62.9
205	62.8
208	62.6
211	62.5
214	62.5
217	62.5
220	62.4
224	62.2
227	62.1
230	61.9
234	61.8
237	61.7
240	61.7
244	61.7
247	61.7
251	61.6
255	61.6
258	61.5
262	61.5
266	61.4
270	61.2
274	61
278	60.8
282	60.8
286	60.9
290	61
294	61
298	60.9
303	61
307	61
312	60.9
316	60.8
321	60.8
325	60.8
330	60.7
335	60.6
340	60.5
345	60.5
350	60.4
355	60.4
360	60.4
365	60.5
371	60.6
376	60.5
382	60.4
387	60.3
393	60.2
398	60.2
404	60.3
410	60.3
416	60.3
422	60.4
428	60.4
434	60.4
441	60.4
447	60.3
454	60.3
460	60.3
467	60.2
474	60.1
481	60.1
488	60.1
495	60.1
502	60.2
509	60.3
517	60.4
524	60.4
532	60.2
540	60.2
547	60.2
555	60.2
563	60.2
572	60.2
580	60.2
588	60.1
597	60.2
606	60.2
614	60.3
623	60.3
632	60.3
642	60.3
651	60.3
660	60.3
670	60.3
680	60.3
690	60.3
700	60.3
710	60.3
720	60.3
731	60.4
741	60.4
752	60.5
763	60.4
774	60.5
785	60.5
797	60.5
808	60.4
820	60.4
832	60.5
844	60.5
856	60.6
869	60.6
882	60.6
894	60.5
907	60.5
921	60.7
934	60.8
948	60.8
961	60.9
975	60.8
990	60.9
1004	60.9
1019	61
1033	61.1
1048	61.2
1064	61.3
1079	61.5
1095	61.5
1111	61.5
1127	61.6
1143	61.6
1160	61.7
1177	61.9
1194	62.1
1211	62.2
1229	62.2
1247	62.2
1265	62.3
1283	62.4
1302	62.5
1321	62.6
1340	62.6
1360	62.8
1379	62.9
1399	63
1420	63.1
1440	63.2
1461	63.3
1483	63.4
1504	63.5
1526	63.6
1548	63.7
1571	63.8
1594	63.9
1617	64
1640	64
1664	64.1
1688	64.3
1713	64.5
1738	64.7
1763	64.8
1789	64.9
1815	65.1
1841	65.2
1868	65.3
1895	65.4
1923	65.5
1951	65.6
1979	65.6
2008	65.7
2037	65.7
2067	65.7
2097	65.7
2127	65.7
2158	65.8
2190	65.8
2221	65.7
2254	65.7
2287	65.6
2320	65.5
2354	65.4
2388	65.4
2423	65.4
2458	65.4
2494	65.3
2530	65.2
2567	65.1
2604	65.1
2642	65.1
2680	65.1
2719	65.1
2759	65
2799	65.1
2840	65.2
2881	65.3
2923	65.5
2965	65.6
3008	65.8
3052	65.9
3097	66
3142	66.2
3187	66.2
3234	66.2
3281	66.3
3328	66.2
3377	66.1
3426	65.9
3476	65.8
3526	65.6
3578	65.3
3630	65.2
3682	65
3736	64.8
3790	64.7
3846	64.6
3901	64.6
3958	64.6
4016	64.7
4074	64.8
4133	64.9
4194	65
4255	65.3
4316	65.5
4379	65.8
4443	66
4508	66.2
4573	66.4
4640	66.6
4707	66.7
4776	66.8
4845	66.8
4916	66.7
4987	66.6
5060	66.5
5133	66.2
5208	65.9
5284	65.6
5360	65.3
5438	65
5518	64.6
5598	64.3
5679	64
5762	63.8
5846	63.6
5931	63.4
6017	63.2
6104	63.1
6193	63
6283	62.9
6375	62.9
6467	62.9
6561	62.9
6657	63
6754	63.1
6852	63.2
6952	63.3
7053	63.4
7155	63.5
7259	63.6
7365	63.7
7472	63.8
7581	63.8
7691	63.7
7803	63.7
7916	63.7
8032	63.7
8148	63.7
8267	63.7
8387	63.7
8509	63.8
8633	63.9
8758	63.9
8886	64
9015	64
9146	63.9
9279	63.8
9414	63.5
9551	63.1
9690	62.5
9831	61.9
9974	61.1
10119	60.5
10266	60
10416	59.5
10567	59.1
10721	58.7
10877	58.5
11035	58.3
11196	58.1
11358	58.1
11524	58.2
11691	58.3
11861	58.5
12034	58.6
12209	58.9
12386	59.3
12567	59.7
12749	60.2
12935	60.6
13123	61.1
13314	61.3
13507	61.3
13704	61.2
13903	60.9
14105	60.4
14311	59.7
14519	58.9
14730	58.1
14944	57.2
15162	56.4
15382	55.3
15606	54.7
15833	54
16063	53.4
16297	52.6
16534	51.9
16774	51.3
17018	50.8
17266	50.4
17517	50.1
17772	50
18030	49.9
18293	50
18559	50.3
18829	50.3
19102	50
19380	49.3
20000	48.8
overall dB	92.1 dB
decay	Average
averaging	1/12 Octave
source	Headset Microphone 1 Low Range
latitude	0
longitude	0
saved	2024/02/20 16:56
peak	 4.4Hz
