FFT	AudioTools 	v17.3 (104) iPad battery 100%	2024/02/20 16:53	Headset Microphone 1 Low Range	EB05A3E2-10AC-49FE-A287-06AC06EBE5AD
Frequency	dB	Unweighted
19.5	69.9
19.8	70
20.1	70
20.3	70
20.6	70
20.9	70
21.2	70.1
21.6	70.1
21.9	70.2
22.2	70.2
22.5	70.3
22.8	70.3
23.2	70.4
23.5	70.4
23.8	70.5
24.2	70.5
24.5	70.6
24.9	70.7
25.3	70.8
25.6	70.8
26	70.8
26.4	70.9
26.8	70.9
27.2	70.9
27.5	70.9
28	70.8
28.4	70.8
28.8	70.8
29.2	70.7
29.6	70.7
30	70.7
30.5	70.7
30.9	70.7
31.4	70.7
31.8	70.7
32.3	70.7
32.8	70.7
33.2	70.7
33.7	70.7
34.2	70.8
34.7	70.8
35.2	70.9
35.7	70.9
36.2	70.9
36.8	70.9
37.3	70.9
37.9	70.9
38.4	70.9
39	70.9
39.5	70.8
40.1	70.8
40.7	70.6
41.3	70.5
41.9	70.4
42.5	70.4
43.1	70.6
43.7	70.7
44.4	70.8
45	70.7
45.7	70.6
46.3	70.5
47	70.4
47.7	70.4
48.4	70.5
49.1	70.5
49.8	70.6
50.5	70.7
51.3	70.7
52	70.6
52.8	70.4
53.5	70.3
54.3	70.2
55.1	70.1
55.9	69.9
56.7	69.8
57.5	69.8
58.4	69.7
59.2	69.8
60.1	69.8
61	69.8
61.8	69.8
62.7	69.7
63.7	69.7
64.6	69.8
65.5	69.8
66.5	69.8
67.4	69.8
68.4	69.7
69.4	69.7
70.4	69.6
71.5	69.5
72.5	69.3
73.5	69.2
74.6	69
75.7	69
76.8	69.1
77.9	69.1
79.1	69.1
80.2	69
81.4	68.9
82.6	68.7
83.8	68.5
85	68.4
86.2	68.4
87.5	68.4
88.7	68.4
90	68.2
91.3	68.1
92.7	68
94	68
95.4	68
96.8	67.9
98.2	67.9
99.6	67.9
101	67.8
103	67.7
104	67.6
106	67.7
107	67.7
109	67.7
110	67.7
112	67.5
113	67.3
115	67.2
117	67.2
118	67.2
120	67.2
122	67.2
124	66.9
125	66.7
127	66.6
129	66.6
131	66.5
133	66.4
135	66.3
137	66.3
139	66.2
141	66.2
143	66.3
145	66.2
147	66.1
149	66.1
151	66.2
154	66.2
156	66.1
158	66
160	65.8
163	65.6
165	65.4
168	65.2
170	65.2
172	65.2
175	65.2
177	65.1
180	65
183	64.9
185	64.9
188	64.9
191	64.9
194	64.9
196	64.9
199	64.8
202	64.7
205	64.6
208	64.5
211	64.5
214	64.6
217	64.5
220	64.4
224	64.3
227	64.3
230	64.1
234	64.2
237	64.2
240	64.1
244	64.1
247	64.1
251	64.2
255	64.2
258	64
262	63.9
266	63.9
270	63.9
274	63.8
278	63.7
282	63.6
286	63.6
290	63.6
294	63.6
298	63.6
303	63.6
307	63.6
312	63.5
316	63.5
321	63.4
325	63.3
330	63.3
335	63.3
340	63.2
345	63.1
350	63
355	63.1
360	63
365	63.1
371	63.2
376	63.2
382	63.1
387	63.1
393	63.1
398	63
404	63
410	63.1
416	63
422	63.1
428	63.1
434	63.1
441	63
447	62.9
454	62.9
460	63
467	62.9
474	62.9
481	62.8
488	62.9
495	63
502	63
509	63.2
517	63.2
524	63.2
532	63.2
540	63.3
547	63.3
555	63.2
563	63.2
572	63.2
580	63.2
588	63.2
597	63.2
606	63.3
614	63.3
623	63.4
632	63.4
642	63.4
651	63.4
660	63.4
670	63.5
680	63.6
690	63.6
700	63.6
710	63.6
720	63.5
731	63.5
741	63.6
752	63.7
763	63.6
774	63.6
785	63.6
797	63.6
808	63.6
820	63.7
832	63.7
844	63.8
856	63.8
869	63.7
882	63.7
894	63.7
907	63.8
921	63.9
934	64
948	64
961	64.1
975	64.1
990	64.1
1004	64.1
1019	64.2
1033	64.3
1048	64.5
1064	64.6
1079	64.8
1095	64.8
1111	64.8
1127	64.9
1143	64.9
1160	65
1177	65.3
1194	65.5
1211	65.5
1229	65.6
1247	65.6
1265	65.7
1283	65.8
1302	65.9
1321	65.9
1340	66
1360	66.1
1379	66.3
1399	66.5
1420	66.5
1440	66.7
1461	66.8
1483	66.8
1504	66.9
1526	67.1
1548	67.2
1571	67.3
1594	67.4
1617	67.5
1640	67.5
1664	67.7
1688	67.8
1713	67.9
1738	68
1763	68.2
1789	68.2
1815	68.3
1841	68.4
1868	68.5
1895	68.5
1923	68.5
1951	68.6
1979	68.7
2008	68.7
2037	68.7
2067	68.8
2097	68.8
2127	68.7
2158	68.7
2190	68.7
2221	68.6
2254	68.5
2287	68.5
2320	68.4
2354	68.4
2388	68.3
2423	68.2
2458	68.2
2494	68.1
2530	68.1
2567	68
2604	68
2642	68
2680	68.1
2719	68.1
2759	68.1
2799	68.1
2840	68.2
2881	68.4
2923	68.6
2965	68.8
3008	68.9
3052	69.1
3097	69.3
3142	69.4
3187	69.4
3234	69.5
3281	69.5
3328	69.5
3377	69.4
3426	69.3
3476	69.1
3526	68.9
3578	68.7
3630	68.5
3682	68.3
3736	68.2
3790	68.1
3846	68
3901	68.1
3958	68.1
4016	68.2
4074	68.3
4133	68.4
4194	68.6
4255	68.9
4316	69.1
4379	69.3
4443	69.5
4508	69.7
4573	69.9
4640	70.1
4707	70.2
4776	70.2
4845	70.2
4916	70.2
4987	70.1
5060	70
5133	69.9
5208	69.7
5284	69.4
5360	69.2
5438	69
5518	68.7
5598	68.5
5679	68.3
5762	68.1
5846	67.9
5931	67.7
6017	67.7
6104	67.6
6193	67.5
6283	67.4
6375	67.4
6467	67.5
6561	67.5
6657	67.5
6754	67.6
6852	67.6
6952	67.6
7053	67.6
7155	67.5
7259	67.5
7365	67.5
7472	67.4
7581	67.4
7691	67.3
7803	67.3
7916	67.3
8032	67.3
8148	67.3
8267	67.3
8387	67.3
8509	67.3
8633	67.1
8758	66.7
8886	66.3
9015	65.7
9146	65.1
9279	64.4
9414	63.6
9551	62.9
9690	62.2
9831	61.6
9974	60.8
10119	60.3
10266	59.8
10416	59.4
10567	59.1
10721	58.9
10877	58.8
11035	58.8
11196	58.8
11358	58.9
11524	59.1
11691	59.4
11861	59.8
12034	60.1
12209	60.5
12386	60.9
12567	61.3
12749	61.7
12935	62
13123	62.1
13314	62
13507	61.8
13704	61.4
13903	61
14105	60.4
14311	59.7
14519	58.8
14730	57.9
14944	57
15162	56
15382	54.8
15606	54
15833	53.3
16063	52.5
16297	51.9
16534	51.5
16774	51.3
17018	51.3
17266	51.3
17517	51.2
17772	50.8
18030	50.2
18293	50
18559	50.2
18829	50.2
19102	49.8
19380	49.3
20000	48.8
overall dB	91.7 dB
decay	Average
averaging	1/12 Octave
source	Headset Microphone 1 Low Range
latitude	0
longitude	0
saved	2024/02/20 16:53
peak	19.0Hz
