FFT	AudioTools 	v17.9 (4) iPad battery 100%	2024/06/25 14:04	Headset Microphone 1 Low Range	EB05A3E2-10AC-49FE-A287-06AC06EBE5AD
Frequency	dB	Unweighted
19.5	71.3
19.8	71.3
20.1	71.4
20.3	71.4
20.6	71.5
20.9	71.5
21.2	71.6
21.6	71.6
21.9	71.6
22.2	71.6
22.5	71.6
22.8	71.6
23.2	71.6
23.5	71.6
23.8	71.6
24.2	71.6
24.5	71.6
24.9	71.6
25.3	71.7
25.6	71.7
26	71.6
26.4	71.6
26.8	71.5
27.2	71.5
27.5	71.5
28	71.4
28.4	71.4
28.8	71.5
29.2	71.5
29.6	71.6
30	71.6
30.5	71.7
30.9	71.7
31.4	71.7
31.8	71.7
32.3	71.7
32.8	71.6
33.2	71.5
33.7	71.5
34.2	71.5
34.7	71.5
35.2	71.5
35.7	71.5
36.2	71.6
36.8	71.6
37.3	71.5
37.9	71.5
38.4	71.5
39	71.4
39.5	71.4
40.1	71.3
40.7	71.1
41.3	71.1
41.9	71
42.5	71.1
43.1	71.2
43.7	71.2
44.4	71.1
45	70.9
45.7	70.7
46.3	70.6
47	70.5
47.7	70.5
48.4	70.6
49.1	70.6
49.8	70.6
50.5	70.7
51.3	70.7
52	70.6
52.8	70.6
53.5	70.5
54.3	70.3
55.1	70.1
55.9	69.9
56.7	69.8
57.5	69.9
58.4	69.9
59.2	70
60.1	69.9
61	69.8
61.8	69.7
62.7	69.7
63.7	69.8
64.6	69.7
65.5	69.6
66.5	69.5
67.4	69.4
68.4	69.5
69.4	69.6
70.4	69.5
71.5	69.3
72.5	69.2
73.5	69
74.6	68.9
75.7	68.9
76.8	69
77.9	69
79.1	68.9
80.2	68.8
81.4	68.7
82.6	68.6
83.8	68.5
85	68.3
86.2	68.2
87.5	68.3
88.7	68.3
90	68.2
91.3	68.2
92.7	68.2
94	68.1
95.4	68
96.8	67.9
98.2	67.9
99.6	67.8
101	67.7
103	67.6
104	67.5
106	67.4
107	67.3
109	67.1
110	67.1
112	66.9
113	66.8
115	66.7
117	66.7
118	66.7
120	66.7
122	66.7
124	66.6
125	66.5
127	66.4
129	66.4
131	66.4
133	66.2
135	66
137	65.8
139	65.7
141	65.6
143	65.7
145	65.8
147	65.8
149	66
151	66.1
154	65.9
156	65.7
158	65.7
160	65.8
163	65.7
165	65.3
168	65
170	64.9
172	65
175	65.1
177	65
180	64.9
183	64.9
185	65
188	65
191	65.1
194	65.2
196	65.2
199	65.3
202	65.2
205	65.1
208	65
211	64.9
214	64.8
217	64.6
220	64.6
224	64.6
227	64.6
230	64.6
234	64.7
237	64.6
240	64.6
244	64.9
247	65.2
251	65.2
255	65.2
258	65.2
262	65.3
266	65.2
270	65
274	64.8
278	64.7
282	64.7
286	64.8
290	64.7
294	64.7
298	64.6
303	64.6
307	64.6
312	64.6
316	64.6
321	64.8
325	64.9
330	64.9
335	64.8
340	64.7
345	64.7
350	64.8
355	64.9
360	64.8
365	64.9
371	64.9
376	64.8
382	64.6
387	64.7
393	64.7
398	64.8
404	65
410	65.1
416	65.1
422	64.9
428	64.9
434	64.8
441	64.8
447	64.8
454	64.9
460	65
467	65
474	64.9
481	64.7
488	64.6
495	64.8
502	65
509	65
517	65
524	64.9
532	64.6
540	64.6
547	64.7
555	64.8
563	65.1
572	65.1
580	64.9
588	64.8
597	64.8
606	64.8
614	64.7
623	64.7
632	64.6
642	64.6
651	64.5
660	64.5
670	64.5
680	64.5
690	64.5
700	64.5
710	64.5
720	64.4
731	64.4
741	64.4
752	64.5
763	64.5
774	64.6
785	64.6
797	64.5
808	64.4
820	64.4
832	64.3
844	64.2
856	64.2
869	64.4
882	64.4
894	64.5
907	64.5
921	64.5
934	64.7
948	64.8
961	64.9
975	64.8
990	64.6
1004	64.4
1019	64.4
1033	64.6
1048	64.8
1064	64.8
1079	65
1095	65.2
1111	65.2
1127	65.3
1143	65.3
1160	65.3
1177	65.5
1194	65.6
1211	65.6
1229	65.8
1247	66
1265	66.1
1283	66.1
1302	66.2
1321	66.1
1340	66.2
1360	66.4
1379	66.5
1399	66.5
1420	66.6
1440	66.7
1461	66.8
1483	67
1504	67.1
1526	67.3
1548	67.5
1571	67.5
1594	67.6
1617	67.6
1640	67.6
1664	67.6
1688	67.6
1713	67.7
1738	67.8
1763	67.9
1789	67.9
1815	68.1
1841	68.2
1868	68.3
1895	68.5
1923	68.7
1951	68.7
1979	68.8
2008	68.8
2037	68.9
2067	68.9
2097	69.1
2127	69.2
2158	69.3
2190	69.4
2221	69.5
2254	69.6
2287	69.8
2320	69.8
2354	70
2388	70.1
2423	70.2
2458	70.3
2494	70.4
2530	70.5
2567	70.6
2604	70.6
2642	70.6
2680	70.7
2719	70.6
2759	70.6
2799	70.5
2840	70.4
2881	70.3
2923	70.3
2965	70.3
3008	70.2
3052	70.2
3097	70.1
3142	70
3187	69.9
3234	70
3281	70.1
3328	70.1
3377	70
3426	70
3476	70
3526	70
3578	70
3630	70
3682	69.9
3736	70
3790	69.9
3846	69.9
3901	69.9
3958	69.9
4016	69.8
4074	69.8
4133	69.7
4194	69.7
4255	69.7
4316	69.8
4379	69.8
4443	69.8
4508	69.7
4573	69.7
4640	69.7
4707	69.6
4776	69.5
4845	69.4
4916	69.2
4987	69.1
5060	68.9
5133	68.8
5208	68.7
5284	68.6
5360	68.5
5438	68.4
5518	68.3
5598	68.3
5679	68.3
5762	68.2
5846	68.2
5931	68.1
6017	68
6104	68
6193	67.9
6283	67.8
6375	67.7
6467	67.5
6561	67.4
6657	67.3
6754	67.3
6852	67.4
6952	67.5
7053	67.5
7155	67.7
7259	67.9
7365	68.1
7472	68.4
7581	68.7
7691	69.1
7803	69.5
7916	70
8032	70.5
8148	70.9
8267	71.2
8387	71.3
8509	71.2
8633	70.9
8758	70.4
8886	69.9
9015	69.5
9146	69.1
9279	68.7
9414	68.5
9551	68.3
9690	68
9831	67.7
9974	67.3
10119	67
10266	66.7
10416	66.5
10567	66.5
10721	66.4
10877	66.3
11035	66.3
11196	66.2
11358	66.2
11524	66.1
11691	66.1
11861	66.1
12034	66.1
12209	66.1
12386	66
12567	66
12749	65.9
12935	65.8
13123	65.7
13314	65.6
13507	65.6
13704	65.5
13903	65.5
14105	65.4
14311	65.4
14519	65.4
14730	65.3
14944	65.3
15162	65.4
15382	65.7
15606	66
15833	66.5
16063	67.2
16297	68.2
16534	68.7
16774	68.2
17018	66.9
17266	65.6
17517	64.9
17772	64.4
18030	64.1
18293	63.8
18559	63.5
18829	63.2
19102	62.7
19380	62.2
20000	61.7
overall dB	94.7 dB
decay	Average
averaging	1/12 Octave
source	Headset Microphone 1 Low Range
latitude	0
longitude	0
saved	2024/06/25 14:04
peak	 5.9Hz
