FFT	AudioTools 	v17.5 (101) iPad battery  67%	2024/04/04 15:37	Headset Microphone 1 Low Range	EB05A3E2-10AC-49FE-A287-06AC06EBE5AD
Frequency	dB	Unweighted
19.5	74.4
19.8	74.5
20.1	74.6
20.3	74.6
20.6	74.7
20.9	74.7
21.2	74.7
21.6	74.7
21.9	74.6
22.2	74.6
22.5	74.6
22.8	74.6
23.2	74.6
23.5	74.6
23.8	74.6
24.2	74.7
24.5	74.7
24.9	74.8
25.3	74.8
25.6	74.9
26	74.9
26.4	74.9
26.8	74.9
27.2	74.9
27.5	75
28	75
28.4	75.1
28.8	75.2
29.2	75.3
29.6	75.5
30	75.6
30.5	75.6
30.9	75.7
31.4	75.8
31.8	75.9
32.3	75.9
32.8	75.9
33.2	75.9
33.7	75.8
34.2	75.8
34.7	75.7
35.2	75.7
35.7	75.8
36.2	75.8
36.8	75.9
37.3	75.8
37.9	75.8
38.4	75.6
39	75.5
39.5	75.4
40.1	75.4
40.7	75.4
41.3	75.5
41.9	75.6
42.5	75.6
43.1	75.5
43.7	75.4
44.4	75.3
45	75.1
45.7	75.1
46.3	75
47	74.9
47.7	74.9
48.4	74.8
49.1	74.7
49.8	74.6
50.5	74.5
51.3	74.3
52	74.2
52.8	74.2
53.5	74.2
54.3	74.2
55.1	74.2
55.9	74.1
56.7	74
57.5	73.9
58.4	73.9
59.2	73.8
60.1	73.7
61	73.6
61.8	73.5
62.7	73.4
63.7	73.4
64.6	73.3
65.5	73.1
66.5	73.1
67.4	73
68.4	72.9
69.4	73
70.4	73.1
71.5	73.1
72.5	73.1
73.5	73.1
74.6	73.1
75.7	73.1
76.8	73.1
77.9	73
79.1	72.9
80.2	72.7
81.4	72.4
82.6	72.1
83.8	72
85	72
86.2	72
87.5	72
88.7	72
90	72.1
91.3	72.2
92.7	72.1
94	71.8
95.4	71.7
96.8	71.6
98.2	71.4
99.6	71.3
101	71.1
103	71.1
104	71.3
106	71.3
107	71.1
109	70.9
110	70.8
112	70.8
113	70.6
115	70.5
117	70.5
118	70.4
120	70.5
122	70.6
124	70.7
125	70.7
127	70.5
129	70.2
131	69.9
133	69.7
135	69.5
137	69.3
139	69.2
141	69.2
143	69.2
145	69.2
147	69.3
149	69.1
151	68.8
154	68.7
156	68.8
158	68.7
160	68.6
163	68.5
165	68.4
168	68.3
170	68.2
172	68.1
175	68
177	68
180	68.1
183	68
185	67.8
188	67.6
191	67.5
194	67.5
196	67.4
199	67.3
202	67.2
205	67.1
208	67
211	67
214	67
217	66.9
220	66.7
224	66.8
227	66.9
230	66.9
234	66.9
237	66.7
240	66.6
244	66.6
247	66.5
251	66.5
255	66.3
258	66.3
262	66.2
266	65.9
270	65.6
274	65.4
278	65.5
282	65.6
286	65.7
290	65.6
294	65.6
298	65.6
303	65.7
307	65.6
312	65.4
316	65.3
321	65.1
325	64.9
330	64.9
335	65.1
340	65.3
345	65.1
350	65
355	65
360	65
365	65
371	65.2
376	65.2
382	65.1
387	65.1
393	65
398	64.9
404	64.9
410	65
416	65
422	65
428	64.9
434	64.8
441	64.9
447	65
454	64.9
460	65
467	65
474	65.1
481	65.2
488	65.1
495	65.2
502	65.2
509	65.2
517	65.1
524	65
532	65.1
540	65.1
547	65.2
555	65.2
563	65.2
572	65.2
580	65.1
588	65
597	64.9
606	64.8
614	64.8
623	65
632	65.1
642	65
651	64.8
660	64.8
670	64.9
680	65
690	65.1
700	65.2
710	65.2
720	65.1
731	65
741	64.9
752	64.9
763	64.9
774	64.9
785	64.8
797	64.7
808	64.7
820	64.8
832	64.7
844	64.8
856	64.8
869	64.7
882	64.7
894	64.7
907	64.7
921	64.6
934	64.6
948	64.7
961	64.6
975	64.5
990	64.5
1004	64.5
1019	64.6
1033	64.6
1048	64.6
1064	64.6
1079	64.7
1095	64.6
1111	64.5
1127	64.6
1143	64.6
1160	64.7
1177	64.7
1194	64.7
1211	64.7
1229	64.6
1247	64.6
1265	64.7
1283	64.9
1302	64.9
1321	64.9
1340	65
1360	65
1379	64.9
1399	64.9
1420	65
1440	65.2
1461	65.3
1483	65.4
1504	65.4
1526	65.5
1548	65.4
1571	65.3
1594	65.3
1617	65.4
1640	65.4
1664	65.4
1688	65.5
1713	65.6
1738	65.8
1763	66
1789	66.1
1815	66.3
1841	66.5
1868	66.6
1895	66.8
1923	66.9
1951	67
1979	67.1
2008	67.2
2037	67.3
2067	67.4
2097	67.5
2127	67.7
2158	67.8
2190	68
2221	68.1
2254	68.3
2287	68.5
2320	68.7
2354	68.8
2388	68.9
2423	69.1
2458	69.4
2494	69.7
2530	69.8
2567	69.9
2604	70
2642	70.1
2680	70.2
2719	70.2
2759	70.1
2799	70
2840	70
2881	69.8
2923	69.7
2965	69.6
3008	69.4
3052	69.4
3097	69.4
3142	69.3
3187	69.3
3234	69.2
3281	69.1
3328	69
3377	69
3426	69
3476	69
3526	69
3578	68.9
3630	68.9
3682	68.9
3736	68.8
3790	68.8
3846	68.8
3901	68.9
3958	68.9
4016	68.9
4074	68.8
4133	68.9
4194	68.9
4255	69
4316	69.1
4379	69.2
4443	69.4
4508	69.4
4573	69.4
4640	69.3
4707	69.2
4776	69.1
4845	69
4916	68.9
4987	68.8
5060	68.7
5133	68.6
5208	68.4
5284	68.2
5360	68.1
5438	68
5518	67.9
5598	67.8
5679	67.7
5762	67.6
5846	67.5
5931	67.5
6017	67.5
6104	67.4
6193	67.2
6283	67
6375	67
6467	67
6561	67
6657	67.1
6754	67.2
6852	67.3
6952	67.5
7053	67.8
7155	68.1
7259	68.5
7365	69
7472	69.5
7581	69.9
7691	70.3
7803	70.5
7916	70.5
8032	70.3
8148	70
8267	69.5
8387	68.9
8509	68.3
8633	67.8
8758	67.3
8886	66.9
9015	66.6
9146	66.3
9279	66.1
9414	65.9
9551	65.8
9690	65.7
9831	65.6
9974	65.5
10119	65.5
10266	65.5
10416	65.5
10567	65.6
10721	65.6
10877	65.6
11035	65.6
11196	65.7
11358	65.7
11524	65.8
11691	65.8
11861	65.8
12034	65.7
12209	65.6
12386	65.4
12567	65.1
12749	64.8
12935	64.6
13123	64.5
13314	64.3
13507	64.2
13704	64.1
13903	64
14105	63.9
14311	64
14519	64.2
14730	64.4
14944	64.8
15162	65.2
15382	65.4
15606	65.3
15833	65
16063	64.8
16297	64.8
16534	64.9
16774	64.6
17018	63.8
17266	63
17517	62.4
17772	61.9
18030	61.5
18293	61.2
18559	60.8
18829	60.4
19102	59.9
19380	59.3
20000	58.9
overall dB	96.2 dB
decay	Average
averaging	1/12 Octave
source	Headset Microphone 1 Low Range
latitude	0
longitude	0
saved	2024/04/04 15:37
peak	19.0Hz
