FFT	AudioTools 	v17.1 (89) iPad battery 100%	2023/12/18 12:52	Headset Microphone 1 Low Range	EB05A3E2-10AC-49FE-A287-06AC06EBE5AD
Frequency	dB	Unweighted
19.5	70.1
19.8	70.1
20.1	70.1
20.3	70.2
20.6	70.2
20.9	70.3
21.2	70.4
21.6	70.5
21.9	70.6
22.2	70.6
22.5	70.7
22.8	70.7
23.2	70.7
23.5	70.7
23.8	70.6
24.2	70.6
24.5	70.7
24.9	70.7
25.3	70.8
25.6	70.8
26	70.9
26.4	70.9
26.8	71
27.2	70.9
27.5	70.9
28	70.9
28.4	70.8
28.8	70.8
29.2	70.8
29.6	70.8
30	70.9
30.5	70.9
30.9	71
31.4	71
31.8	71
32.3	71
32.8	71
33.2	71
33.7	71.1
34.2	71.1
34.7	71
35.2	71
35.7	71
36.2	70.9
36.8	70.9
37.3	70.8
37.9	70.8
38.4	70.7
39	70.7
39.5	70.7
40.1	70.7
40.7	70.6
41.3	70.5
41.9	70.5
42.5	70.6
43.1	70.7
43.7	70.8
44.4	70.9
45	70.8
45.7	70.6
46.3	70.5
47	70.3
47.7	70.2
48.4	70.2
49.1	70.1
49.8	70.1
50.5	70.1
51.3	70.1
52	70.1
52.8	70
53.5	70
54.3	69.9
55.1	69.8
55.9	69.6
56.7	69.6
57.5	69.7
58.4	69.8
59.2	69.9
60.1	69.9
61	69.8
61.8	69.7
62.7	69.5
63.7	69.4
64.6	69.3
65.5	69.3
66.5	69.2
67.4	69.1
68.4	69.1
69.4	69.1
70.4	69
71.5	69
72.5	68.9
73.5	68.8
74.6	68.7
75.7	68.6
76.8	68.5
77.9	68.5
79.1	68.5
80.2	68.5
81.4	68.4
82.6	68.2
83.8	68
85	67.8
86.2	67.8
87.5	67.8
88.7	67.9
90	67.8
91.3	67.7
92.7	67.7
94	67.6
95.4	67.5
96.8	67.5
98.2	67.4
99.6	67.3
101	67.2
103	67.2
104	67.1
106	67.1
107	67.1
109	67
110	67
112	66.8
113	66.6
115	66.4
117	66.3
118	66.4
120	66.5
122	66.5
124	66.3
125	66
127	65.9
129	65.9
131	65.9
133	65.8
135	65.6
137	65.4
139	65.3
141	65.4
143	65.5
145	65.5
147	65.3
149	65.3
151	65.3
154	65.3
156	65.3
158	65.2
160	65.2
163	65.2
165	65.1
168	64.8
170	64.7
172	64.6
175	64.7
177	64.6
180	64.5
183	64.4
185	64.4
188	64.3
191	64.2
194	64.1
196	64
199	64
202	64
205	63.9
208	63.8
211	63.8
214	63.8
217	63.7
220	63.5
224	63.5
227	63.5
230	63.4
234	63.5
237	63.4
240	63.3
244	63.3
247	63.3
251	63.3
255	63.3
258	63.2
262	63.2
266	63.1
270	63.1
274	63.1
278	62.9
282	62.9
286	62.8
290	62.8
294	62.8
298	62.8
303	62.9
307	62.9
312	62.8
316	62.8
321	62.7
325	62.6
330	62.7
335	62.7
340	62.6
345	62.6
350	62.6
355	62.6
360	62.5
365	62.6
371	62.6
376	62.6
382	62.5
387	62.6
393	62.5
398	62.4
404	62.5
410	62.6
416	62.6
422	62.5
428	62.6
434	62.6
441	62.5
447	62.4
454	62.4
460	62.5
467	62.5
474	62.5
481	62.4
488	62.5
495	62.6
502	62.7
509	62.8
517	62.9
524	62.9
532	62.8
540	62.8
547	62.9
555	62.9
563	62.9
572	62.8
580	62.8
588	62.8
597	62.7
606	62.7
614	62.8
623	62.8
632	62.8
642	62.8
651	62.7
660	62.7
670	62.7
680	62.7
690	62.7
700	62.8
710	62.8
720	62.7
731	62.7
741	62.7
752	62.8
763	62.7
774	62.6
785	62.6
797	62.6
808	62.6
820	62.5
832	62.5
844	62.6
856	62.6
869	62.5
882	62.4
894	62.4
907	62.4
921	62.6
934	62.6
948	62.7
961	62.7
975	62.7
990	62.7
1004	62.7
1019	62.7
1033	62.8
1048	63
1064	63.1
1079	63.2
1095	63.2
1111	63.2
1127	63.3
1143	63.3
1160	63.4
1177	63.7
1194	63.8
1211	63.8
1229	63.8
1247	63.9
1265	64
1283	64.1
1302	64.1
1321	64.2
1340	64.2
1360	64.3
1379	64.4
1399	64.6
1420	64.6
1440	64.7
1461	64.7
1483	64.7
1504	64.8
1526	64.9
1548	65
1571	65
1594	65.2
1617	65.2
1640	65.2
1664	65.3
1688	65.4
1713	65.5
1738	65.6
1763	65.7
1789	65.8
1815	65.9
1841	66
1868	66.1
1895	66.1
1923	66.2
1951	66.3
1979	66.4
2008	66.5
2037	66.6
2067	66.7
2097	66.8
2127	66.9
2158	67
2190	67.1
2221	67.2
2254	67.4
2287	67.5
2320	67.7
2354	68
2388	68.2
2423	68.4
2458	68.7
2494	69
2530	69.3
2567	69.5
2604	69.8
2642	69.9
2680	70
2719	69.8
2759	69.6
2799	69.5
2840	69.3
2881	69.1
2923	69
2965	68.8
3008	68.6
3052	68.4
3097	68.3
3142	68.2
3187	68
3234	67.9
3281	67.8
3328	67.8
3377	67.7
3426	67.7
3476	67.6
3526	67.6
3578	67.6
3630	67.6
3682	67.6
3736	67.7
3790	67.8
3846	67.9
3901	68
3958	68.1
4016	68.3
4074	68.4
4133	68.6
4194	68.8
4255	69
4316	69
4379	68.9
4443	68.8
4508	68.8
4573	68.7
4640	68.6
4707	68.4
4776	68.3
4845	68.3
4916	68.1
4987	67.9
5060	67.8
5133	67.6
5208	67.4
5284	67.2
5360	67
5438	66.8
5518	66.6
5598	66.5
5679	66.3
5762	66
5846	65.7
5931	65.4
6017	65
6104	64.5
6193	64.1
6283	63.9
6375	63.7
6467	63.5
6561	63.4
6657	63.4
6754	63.6
6852	63.8
6952	64
7053	64.4
7155	64.8
7259	65.4
7365	66.1
7472	66.9
7581	67.8
7691	68.6
7803	69.4
7916	69.8
8032	69.9
8148	69.8
8267	69.2
8387	68.4
8509	67.5
8633	66.5
8758	65.5
8886	64.7
9015	63.9
9146	63.3
9279	62.7
9414	62.2
9551	61.9
9690	61.6
9831	61.4
9974	61.4
10119	61.4
10266	61.5
10416	61.7
10567	62
10721	62.3
10877	62.6
11035	62.9
11196	63.3
11358	63.8
11524	64.1
11691	64.4
11861	64.4
12034	64.2
12209	63.7
12386	63.1
12567	62.3
12749	61.5
12935	60.6
13123	59.6
13314	58.5
13507	57.3
13704	56.2
13903	55.5
14105	55
14311	55.2
14519	55.8
14730	56.7
14944	57.7
15162	58.8
15382	60
15606	60.4
15833	60.3
16063	60
16297	59.5
16534	59.5
16774	59.9
17018	59.5
17266	57.6
17517	55.3
17772	53.7
18030	52.6
18293	51.7
18559	50.9
18829	50
19102	49.1
19380	48
20000	47.2
overall dB	91.5 dB
decay	Average
averaging	1/12 Octave
source	Headset Microphone 1 Low Range
latitude	0
longitude	0
saved	2023/12/18 12:52
peak	21.7Hz
