FFT	AudioTools 	v17.10 (4) iPad battery 100%	2024/06/29 19:49	Headset Microphone 1 Low Range	EB05A3E2-10AC-49FE-A287-06AC06EBE5AD
Frequency	dB	Unweighted
19.5	73.3
19.8	73.3
20.1	73.3
20.3	73.3
20.6	73.3
20.9	73.4
21.2	73.5
21.6	73.6
21.9	73.6
22.2	73.7
22.5	73.6
22.8	73.6
23.2	73.5
23.5	73.4
23.8	73.3
24.2	73.3
24.5	73.2
24.9	73.2
25.3	73.3
25.6	73.4
26	73.4
26.4	73.4
26.8	73.4
27.2	73.4
27.5	73.4
28	73.4
28.4	73.4
28.8	73.5
29.2	73.6
29.6	73.7
30	73.7
30.5	73.7
30.9	73.7
31.4	73.7
31.8	73.7
32.3	73.6
32.8	73.6
33.2	73.6
33.7	73.6
34.2	73.5
34.7	73.5
35.2	73.4
35.7	73.4
36.2	73.3
36.8	73.3
37.3	73.3
37.9	73.3
38.4	73.3
39	73.4
39.5	73.4
40.1	73.3
40.7	73.2
41.3	73.1
41.9	73.1
42.5	73.2
43.1	73.4
43.7	73.5
44.4	73.5
45	73.3
45.7	73
46.3	72.7
47	72.4
47.7	72.2
48.4	72.1
49.1	72.1
49.8	72.1
50.5	72.1
51.3	72
52	71.8
52.8	71.7
53.5	71.7
54.3	71.7
55.1	71.5
55.9	71.3
56.7	71.4
57.5	71.6
58.4	71.8
59.2	72.1
60.1	72.2
61	72.1
61.8	71.9
62.7	71.7
63.7	71.4
64.6	71.3
65.5	71.3
66.5	71.1
67.4	71
68.4	71.1
69.4	71
70.4	70.9
71.5	70.7
72.5	70.6
73.5	70.5
74.6	70.5
75.7	70.6
76.8	70.7
77.9	70.6
79.1	70.3
80.2	70.1
81.4	70
82.6	70
83.8	69.7
85	69.5
86.2	69.6
87.5	69.9
88.7	69.9
90	69.7
91.3	69.8
92.7	69.8
94	69.7
95.4	69.7
96.8	69.8
98.2	69.7
99.6	69.4
101	69.4
103	69.4
104	69.5
106	69.7
107	69.7
109	69.5
110	69.4
112	69.4
113	69.4
115	69.3
117	69.2
118	69.3
120	69.6
122	69.8
124	69.4
125	68.7
127	68.4
129	68.4
131	68.5
133	68.4
135	68.3
137	68.3
139	68
141	68
143	68.2
145	68.4
147	68.5
149	68.6
151	68.7
154	68.6
156	68.3
158	68.2
160	68.2
163	68.3
165	67.8
168	67.4
170	67.3
172	67.6
175	67.6
177	67.4
180	67.5
183	67.8
185	67.9
188	67.9
191	67.6
194	67.5
196	67.9
199	68.1
202	67.8
205	67.6
208	67.3
211	67.4
214	67.7
217	67.4
220	67.2
224	67.3
227	67.3
230	66.9
234	67.2
237	67.5
240	67.6
244	67.4
247	67.6
251	68.1
255	68
258	67.6
262	67.8
266	67.8
270	67.8
274	67.8
278	67.4
282	67.1
286	67.3
290	67.5
294	67.7
298	67.7
303	67.8
307	68
312	67.9
316	67.6
321	67.5
325	67.6
330	67.7
335	67.8
340	67.5
345	67.2
350	67.6
355	67.8
360	67.4
365	67.6
371	67.7
376	67.5
382	67.2
387	67.4
393	67.4
398	67.4
404	67.6
410	67.8
416	68
422	68
428	67.9
434	67.8
441	67.6
447	67.4
454	67.6
460	67.9
467	67.9
474	67.7
481	67.3
488	67.3
495	67.4
502	67.8
509	67.8
517	67.8
524	67.9
532	67.6
540	67.3
547	67.4
555	67.8
563	68.3
572	68.3
580	67.9
588	67.6
597	67.7
606	67.7
614	67.6
623	67.7
632	67.9
642	67.8
651	67.9
660	67.8
670	67.5
680	67.5
690	67.8
700	67.9
710	67.5
720	67.5
731	67.7
741	67.8
752	67.9
763	67.6
774	67.6
785	67.8
797	67.7
808	67.5
820	67.6
832	67.8
844	67.8
856	67.7
869	67.6
882	67.7
894	67.9
907	68
921	68
934	68.2
948	68.3
961	68.2
975	68
990	67.9
1004	67.7
1019	67.8
1033	68.1
1048	68.3
1064	68.3
1079	68.4
1095	68.5
1111	68.4
1127	68.5
1143	68.8
1160	68.9
1177	68.9
1194	69
1211	69
1229	69.1
1247	69.2
1265	69.2
1283	69.2
1302	69.4
1321	69.3
1340	69.2
1360	69.4
1379	69.6
1399	69.8
1420	69.9
1440	70
1461	70
1483	70
1504	70
1526	70.2
1548	70.3
1571	70.4
1594	70.7
1617	70.7
1640	70.5
1664	70.4
1688	70.6
1713	70.8
1738	70.9
1763	71.1
1789	71.1
1815	71.1
1841	71.3
1868	71.5
1895	71.7
1923	71.8
1951	71.8
1979	71.9
2008	72
2037	72.1
2067	72.2
2097	72.3
2127	72.4
2158	72.5
2190	72.7
2221	72.7
2254	72.7
2287	72.9
2320	73.1
2354	73.2
2388	73.3
2423	73.5
2458	73.6
2494	73.6
2530	73.9
2567	74
2604	73.9
2642	74
2680	74.1
2719	73.9
2759	73.8
2799	73.7
2840	73.4
2881	73.3
2923	73.3
2965	73.2
3008	73.3
3052	73.2
3097	73
3142	72.8
3187	72.8
3234	72.8
3281	72.9
3328	73.1
3377	73.1
3426	73.1
3476	73.1
3526	73.1
3578	73.1
3630	73.1
3682	73.1
3736	73.2
3790	73.2
3846	73.2
3901	73.1
3958	73.1
4016	73.1
4074	73.1
4133	73
4194	73.1
4255	73.1
4316	73
4379	72.9
4443	72.9
4508	72.8
4573	72.7
4640	72.6
4707	72.4
4776	72.3
4845	72.2
4916	72.1
4987	72
5060	71.9
5133	71.8
5208	71.7
5284	71.6
5360	71.5
5438	71.3
5518	71.3
5598	71.3
5679	71.2
5762	70.9
5846	70.8
5931	70.7
6017	70.5
6104	70.4
6193	70.3
6283	70.1
6375	70
6467	70
6561	70
6657	70
6754	70
6852	70.2
6952	70.3
7053	70.5
7155	70.8
7259	71.1
7365	71.5
7472	72
7581	72.4
7691	72.9
7803	73.3
7916	73.4
8032	73.4
8148	73.3
8267	73
8387	72.5
8509	71.8
8633	71.2
8758	70.8
8886	70.6
9015	70.4
9146	70.2
9279	69.9
9414	69.8
9551	69.7
9690	69.5
9831	69.2
9974	69
10119	68.8
10266	68.6
10416	68.4
10567	68.3
10721	68.3
10877	68.3
11035	68.2
11196	68.2
11358	68.2
11524	68.2
11691	68.3
11861	68.2
12034	68.2
12209	68.1
12386	68
12567	67.9
12749	67.8
12935	67.7
13123	67.6
13314	67.5
13507	67.4
13704	67.3
13903	67.2
14105	67.2
14311	67.3
14519	67.4
14730	67.5
14944	67.8
15162	68.3
15382	69
15606	69.1
15833	69
16063	68.6
16297	68.2
16534	67.9
16774	67.2
17018	66.2
17266	65.4
17517	65
17772	64.8
18030	64.5
18293	64.1
18559	63.7
18829	63.2
19102	62.5
19380	61.9
20000	61.5
overall dB	96.2 dB
decay	Average
averaging	1/24 Octave
source	Headset Microphone 1 Low Range
latitude	0
longitude	0
saved	2024/06/29 19:49
peak	16.1Hz
