FFT	AudioTools 	v17.10 (4) iPad battery  94%	2024/07/18 20:03	Headset Microphone 1 Low Range	EB05A3E2-10AC-49FE-A287-06AC06EBE5AD
Frequency	dB	Unweighted



19.500000, 74.124
19.750000, 74.125
20.000000, 74.125
20.299999, 74.126
20.600000, 74.127
20.900000, 74.128
21.200001, 74.129
21.400000, 74.129
21.799999, 74.130
22.000000, 74.131
22.400000, 74.145
22.700001, 74.192
23.000000, 74.228
23.299999, 74.235
23.600000, 74.236
24.000000, 74.231
24.299999, 74.197
24.700001, 74.146
25.000000, 74.141
25.400000, 74.141
25.799999, 74.143
26.200001, 74.144
26.500000, 74.142
26.900000, 74.112
27.200001, 74.071
27.600000, 74.051
28.000000, 74.028
28.500000, 73.963
29.000000, 73.897
29.500000, 73.796
30.000000, 73.739
30.400000, 73.691
30.700001, 73.669
31.100000, 73.663
31.500000, 73.664
32.000000, 73.662
32.500000, 73.624
33.000000, 73.570
33.500000, 73.509
34.000000, 73.424
34.500000, 73.373
35.000000, 73.315
35.500000, 73.232
36.000000, 73.182
36.500000, 73.137
37.000000, 73.093
37.500000, 73.053
38.200001, 72.992
38.700001, 72.948
39.500000, 72.882
40.000000, 72.820
40.599998, 72.726
41.200001, 72.629
41.799999, 72.533
42.500000, 72.421
43.099998, 72.326
43.700001, 72.252
44.400002, 72.187
45.000000, 72.084
45.500000, 72.033
46.200001, 71.959
46.799999, 71.865
47.500000, 71.719
48.200001, 71.590
48.700001, 71.518
49.400002, 71.423
50.000000, 71.342
50.799999, 71.239
51.500000, 71.152
52.200001, 71.063
53.000000, 70.963
53.799999, 70.863
54.500000, 70.780
55.200001, 70.696
56.000000, 70.577
57.000000, 70.395
58.000000, 70.226
59.000000, 70.074
60.000000, 69.948
60.799999, 69.828
61.500000, 69.745
62.200001, 69.629
63.000000, 69.472
64.000000, 69.314
65.000000, 69.122
66.000000, 68.964
67.000000, 68.816
68.000000, 68.672
69.000000, 68.530
70.000000, 68.395
71.000000, 68.261
72.000000, 68.129
73.000000, 67.986
74.000000, 67.816
75.000000, 67.646
76.199997, 67.449
77.500000, 67.282
78.800003, 67.112
80.000000, 66.908
81.199997, 66.667
82.500000, 66.439
83.800003, 66.240
85.000000, 66.078
86.199997, 65.934
87.500000, 65.735
88.500000, 65.616
90.000000, 65.410
91.199997, 65.182
92.500000, 64.935
93.800003, 64.734
95.000000, 64.576
96.199997, 64.424
97.500000, 64.255
98.800003, 64.055
100.000000, 63.866
101.500000, 63.691
103.000000, 63.558
104.400002, 63.418
106.000000, 63.186
107.500000, 62.961
109.000000, 62.793
110.599998, 62.534
112.000000, 62.301
113.800003, 62.016
115.000000, 61.898
117.199997, 61.691
118.000000, 61.610
120.599998, 61.400
122.000000, 61.235
124.099998, 60.947
125.000000, 60.814
126.500000, 60.614
128.000000, 60.459
131.500000, 60.167
132.000000, 60.127
134.000000, 59.968
136.000000, 59.852
138.000000, 59.772
140.000000, 59.654
143.000000, 59.429
145.000000, 59.313
147.500000, 59.185
150.000000, 59.087
152.500000, 58.971
155.000000, 58.887
157.500000, 58.802
160.000000, 58.777
162.500000, 58.768
165.000000, 58.699
167.500000, 58.627
170.000000, 58.603
172.500000, 58.597
175.000000, 58.568
177.500000, 58.504
180.000000, 58.458
182.500000, 58.412
185.000000, 58.425
187.500000, 58.445
190.000000, 58.474
192.500000, 58.490
195.000000, 58.483
197.500000, 58.500
200.000000, 58.515
203.000000, 58.496
206.000000, 58.470
209.000000, 58.474
212.000000, 58.490
214.000000, 58.478
218.000000, 58.440
220.000000, 58.434
224.000000, 58.451
227.000000, 58.439
230.000000, 58.427
233.000000, 58.443
236.000000, 58.455
240.000000, 58.522
243.000000, 58.615
247.000000, 58.682
250.000000, 58.650
254.000000, 58.653
258.000000, 58.707
262.000000, 58.723
265.000000, 58.743
269.000000, 58.756
272.000000, 58.773
276.000000, 58.787
280.000000, 58.766
285.000000, 58.746
290.000000, 58.779
295.000000, 58.809
300.000000, 58.880
304.000000, 58.941
307.000000, 58.976
311.000000, 58.996
315.000000, 59.039
320.000000, 59.104
325.000000, 59.115
330.000000, 59.119
335.000000, 59.175
340.000000, 59.235
345.000000, 59.282
350.000000, 59.377
355.000000, 59.425
360.000000, 59.488
365.000000, 59.548
370.000000, 59.588
375.000000, 59.676
382.000000, 59.724
387.000000, 59.715
395.000000, 59.739
400.000000, 59.780
406.000000, 59.856
412.000000, 59.978
418.000000, 60.041
425.000000, 60.085
431.000000, 60.117
437.000000, 60.115
444.000000, 60.112
450.000000, 60.142
455.000000, 60.176
462.000000, 60.215
468.000000, 60.255
475.000000, 60.264
482.000000, 60.283
487.000000, 60.319
494.000000, 60.337
500.000000, 60.322
508.000000, 60.275
515.000000, 60.300
522.000000, 60.358
530.000000, 60.339
538.000000, 60.303
545.000000, 60.295
552.000000, 60.290
560.000000, 60.284
570.000000, 60.265
580.000000, 60.219
590.000000, 60.251
600.000000, 60.259
608.000000, 60.255
615.000000, 60.249
622.000000, 60.229
630.000000, 60.178
640.000000, 60.140
650.000000, 60.116
660.000000, 60.055
670.000000, 60.028
680.000000, 60.023
690.000000, 60.018
700.000000, 59.993
710.000000, 59.936
720.000000, 59.912
730.000000, 59.905
740.000000, 59.885
750.000000, 59.833
762.000000, 59.800
775.000000, 59.795
788.000000, 59.792
800.000000, 59.789
812.000000, 59.787
825.000000, 59.784
838.000000, 59.782
850.000000, 59.780
862.000000, 59.778
875.000000, 59.776
885.000000, 59.774
900.000000, 59.778
912.000000, 59.812
925.000000, 59.862
938.000000, 59.908
950.000000, 59.980
962.000000, 60.044
975.000000, 60.083
988.000000, 60.136
1000.000000, 60.182
1015.000000, 60.290
1030.000000, 60.400
1044.000000, 60.561
1060.000000, 60.714
1075.000000, 60.778
1090.000000, 60.888
1106.000000, 61.030
1120.000000, 61.164
1138.000000, 61.353
1150.000000, 61.529
1172.000000, 61.822
1180.000000, 61.896
1206.000000, 62.114
1220.000000, 62.210
1241.000000, 62.424
1250.000000, 62.509
1265.000000, 62.634
1280.000000, 62.822
1315.000000, 63.137
1320.000000, 63.189
1340.000000, 63.317
1360.000000, 63.387
1380.000000, 63.504
1400.000000, 63.613
1430.000000, 63.834
1450.000000, 63.937
1475.000000, 64.042
1500.000000, 64.123
1525.000000, 64.235
1550.000000, 64.347
1575.000000, 64.457
1600.000000, 64.562
1625.000000, 64.638
1650.000000, 64.730
1675.000000, 64.829
1700.000000, 64.895
1725.000000, 64.988
1750.000000, 65.088
1775.000000, 65.186
1800.000000, 65.283
1825.000000, 65.374
1850.000000, 65.434
1875.000000, 65.485
1900.000000, 65.593
1925.000000, 65.733
1950.000000, 65.858
1975.000000, 65.982
2000.000000, 66.062
2030.000000, 66.174
2060.000000, 66.256
2090.000000, 66.355
2120.000000, 66.541
2140.000000, 66.632
2180.000000, 66.784
2200.000000, 66.877
2240.000000, 67.055
2270.000000, 67.152
2300.000000, 67.252
2330.000000, 67.407
2360.000000, 67.529
2400.000000, 67.644
2430.000000, 67.769
2470.000000, 67.930
2500.000000, 68.038
2540.000000, 68.178
2580.000000, 68.382
2620.000000, 68.510
2650.000000, 68.592
2690.000000, 68.702
2720.000000, 68.801
2760.000000, 68.959
2800.000000, 69.081
2850.000000, 69.208
2900.000000, 69.332
2950.000000, 69.444
3000.000000, 69.509
3040.000000, 69.574
3070.000000, 69.636
3110.000000, 69.696
3150.000000, 69.739
3200.000000, 69.801
3250.000000, 69.818
3300.000000, 69.824
3350.000000, 69.830
3400.000000, 69.836
3450.000000, 69.836
3500.000000, 69.801
3550.000000, 69.759
3600.000000, 69.719
3650.000000, 69.672
3700.000000, 69.601
3750.000000, 69.508
3820.000000, 69.391
3870.000000, 69.271
3950.000000, 69.057
4000.000000, 68.909
4060.000000, 68.769
4120.000000, 68.625
4180.000000, 68.471
4250.000000, 68.177
4310.000000, 67.950
4370.000000, 67.758
4440.000000, 67.521
4500.000000, 67.353
4550.000000, 67.170
4620.000000, 66.941
4680.000000, 66.719
4750.000000, 66.421
4820.000000, 66.192
4870.000000, 66.034
4940.000000, 65.787
5000.000000, 65.596
5080.000000, 65.394
5150.000000, 65.182
5220.000000, 64.931
5300.000000, 64.701
5380.000000, 64.479
5450.000000, 64.322
5520.000000, 64.178
5600.000000, 64.012
5700.000000, 63.803
5800.000000, 63.595
5900.000000, 63.436
6000.000000, 63.320
6080.000000, 63.225
6150.000000, 63.144
6220.000000, 63.087
6300.000000, 63.055
6400.000000, 63.027
6500.000000, 63.032
6600.000000, 63.086
6700.000000, 63.147
6800.000000, 63.212
6900.000000, 63.305
7000.000000, 63.356
7100.000000, 63.329
7200.000000, 63.285
7300.000000, 63.216
7400.000000, 63.185
7500.000000, 63.299
7620.000000, 63.605
7750.000000, 63.961
7880.000000, 64.176
8000.000000, 64.121
8120.000000, 63.726
8250.000000, 62.989
8380.000000, 62.000
8500.000000, 61.008
8620.000000, 60.035
8750.000000, 59.050
8850.000000, 58.328
9000.000000, 57.293
9120.000000, 56.561
9250.000000, 55.805
9380.000000, 55.095
9500.000000, 54.515
9620.000000, 53.984
9750.000000, 53.458
9880.000000, 52.985
10000.000000, 52.589
10150.000000, 52.184
10300.000000, 51.887
10440.000000, 51.684
10600.000000, 51.535
10750.000000, 51.534
10900.000000, 51.641
11060.000000, 51.860
11200.000000, 52.158
11380.000000, 52.770
11500.000000, 53.328
11720.000000, 54.554
11800.000000, 55.051
12060.000000, 56.678
12200.000000, 57.449
12410.000000, 58.153
12500.000000, 58.254
12650.000000, 58.219
12800.000000, 58.018
13150.000000, 57.431
13200.000000, 57.363
13400.000000, 57.060
13600.000000, 56.742
13800.000000, 56.375
14000.000000, 55.844
14300.000000, 54.789
14500.000000, 53.956
14750.000000, 52.816
15000.000000, 51.746
15250.000000, 51.229
15500.000000, 50.897
15750.000000, 50.756
16000.000000, 50.658
16250.000000, 50.633
16500.000000, 50.685
16750.000000, 50.730
17000.000000, 50.805
17250.000000, 50.884
17500.000000, 50.926
17750.000000, 50.961
18000.000000, 50.915
18250.000000, 50.822
18500.000000, 50.701
18750.000000, 50.500
19000.000000, 50.250
19250.000000, 49.872
19500.000000, 49.355
19750.000000, 48.833


overall dB	96.2 dB
decay	Average
averaging	1/24 Octave
source	Headset Microphone 1 Low Range
latitude	0
longitude	0
saved	2024/07/18 20:03
peak	16.1Hz
