FFT	AudioTools 	v17.12 (3) iPad battery  72%	2024/08/27 20:49	Headset Microphone 1 Low Range	EB05A3E2-10AC-49FE-A287-06AC06EBE5AD
Frequency	dB	Unweighted
19.5	73.6
19.8	73.8
20.1	73.9
20.3	73.9
20.6	74
20.9	73.9
21.2	73.9
21.6	73.8
21.9	73.7
22.2	73.6
22.5	73.6
22.8	73.7
23.2	73.8
23.5	73.9
23.8	74.1
24.2	74.3
24.5	74.5
24.9	74.7
25.3	75
25.6	75.1
26	75.3
26.4	75.4
26.8	75.4
27.2	75.4
27.5	75.3
28	75.2
28.4	75
28.8	74.9
29.2	74.8
29.6	74.6
30	74.5
30.5	74.4
30.9	74.4
31.4	74.3
31.8	74.2
32.3	74.2
32.8	74.3
33.2	74.4
33.7	74.5
34.2	74.6
34.7	74.7
35.2	74.7
35.7	74.7
36.2	74.7
36.8	74.8
37.3	74.9
37.9	75
38.4	75.1
39	75.1
39.5	75
40.1	75.1
40.7	75.1
41.3	75.2
41.9	75.2
42.5	75.2
43.1	75
43.7	74.7
44.4	74.5
45	74.2
45.7	74
46.3	73.9
47	73.9
47.7	73.9
48.4	74
49.1	74
49.8	73.9
50.5	73.9
51.3	73.9
52	73.8
52.8	73.7
53.5	73.6
54.3	73.5
55.1	73.4
55.9	73.3
56.7	73.2
57.5	73
58.4	72.8
59.2	72.8
60.1	73
61	73.3
61.8	73.4
62.7	73.2
63.7	72.9
64.6	72.6
65.5	72.3
66.5	72.1
67.4	72.1
68.4	71.9
69.4	71.7
70.4	71.5
71.5	71.3
72.5	71.2
73.5	71.2
74.6	71.3
75.7	71.3
76.8	71.4
77.9	71.4
79.1	71.3
80.2	70.9
81.4	70.5
82.6	70.4
83.8	70.5
85	70.5
86.2	70.4
87.5	70.3
88.7	70.2
90	69.6
91.3	69.1
92.7	69
94	68.9
95.4	68.8
96.8	68.7
98.2	68.5
99.6	68.1
101	67.6
103	67.4
104	67.2
106	67.1
107	66.8
109	66.6
110	66.4
112	66.3
113	66.3
115	66.4
117	66.4
118	66.4
120	66.3
122	66.2
124	66
125	65.8
127	65.5
129	65.2
131	65
133	64.9
135	64.7
137	64.7
139	64.7
141	64.5
143	64.4
145	64.4
147	64.4
149	64.1
151	63.9
154	63.8
156	63.6
158	63.6
160	63.4
163	63.1
165	63
168	63.1
170	63.1
172	63.1
175	62.9
177	62.8
180	62.9
183	62.9
185	62.7
188	62.7
191	62.6
194	62.5
196	62.4
199	62.3
202	62.2
205	62.1
208	62
211	62.1
214	62.2
217	62.4
220	62.3
224	62.1
227	61.8
230	61.5
234	61.4
237	61.5
240	61.5
244	61.6
247	61.7
251	61.7
255	61.7
258	61.8
262	61.8
266	61.7
270	61.6
274	61.6
278	61.6
282	61.6
286	61.6
290	61.5
294	61.5
298	61.6
303	61.5
307	61.5
312	61.5
316	61.5
321	61.6
325	61.7
330	61.6
335	61.7
340	61.7
345	61.5
350	61.5
355	61.6
360	61.6
365	61.4
371	61.5
376	61.6
382	61.9
387	61.9
393	61.7
398	61.7
404	61.7
410	61.5
416	61.5
422	61.7
428	62
434	62
441	62
447	62
454	62
460	61.9
467	61.8
474	61.9
481	62
488	61.8
495	61.8
502	61.8
509	61.6
517	61.5
524	61.5
532	61.4
540	61.5
547	61.6
555	61.6
563	61.6
572	61.6
580	61.6
588	61.7
597	61.7
606	61.6
614	61.6
623	61.6
632	61.6
642	61.5
651	61.5
660	61.5
670	61.7
680	61.7
690	61.8
700	61.8
710	61.8
720	61.9
731	61.8
741	61.8
752	61.7
763	61.8
774	61.8
785	61.6
797	61.7
808	61.7
820	61.7
832	61.7
844	61.7
856	61.7
869	61.6
882	61.6
894	61.7
907	61.8
921	61.8
934	61.9
948	61.9
961	62
975	62.1
990	62.2
1004	62.1
1019	62
1033	62.1
1048	62.3
1064	62.4
1079	62.5
1095	62.6
1111	62.8
1127	63.1
1143	63.3
1160	63.5
1177	63.8
1194	63.9
1211	64
1229	64
1247	64.2
1265	64.4
1283	64.5
1302	64.7
1321	64.8
1340	64.8
1360	64.8
1379	64.9
1399	65.1
1420	65.3
1440	65.4
1461	65.4
1483	65.5
1504	65.7
1526	65.8
1548	65.8
1571	65.9
1594	65.9
1617	66
1640	66.2
1664	66.3
1688	66.2
1713	66.2
1738	66.3
1763	66.3
1789	66.3
1815	66.5
1841	66.6
1868	66.7
1895	67
1923	67.2
1951	67.3
1979	67.4
2008	67.4
2037	67.5
2067	67.6
2097	67.7
2127	67.7
2158	68
2190	68.1
2221	68.3
2254	68.5
2287	68.6
2320	68.7
2354	68.8
2388	68.9
2423	69.2
2458	69.4
2494	69.6
2530	69.8
2567	69.8
2604	69.9
2642	70
2680	70.3
2719	70.5
2759	70.7
2799	70.8
2840	70.9
2881	71.1
2923	71.2
2965	71.4
3008	71.5
3052	71.7
3097	71.8
3142	71.9
3187	71.9
3234	72
3281	72
3328	71.9
3377	71.8
3426	71.9
3476	71.8
3526	71.8
3578	71.8
3630	71.7
3682	71.6
3736	71.4
3790	71.3
3846	71.3
3901	71.1
3958	71
4016	70.8
4074	70.6
4133	70.4
4194	70.1
4255	69.8
4316	69.7
4379	69.5
4443	69.3
4508	69.1
4573	68.9
4640	68.8
4707	68.6
4776	68.5
4845	68.3
4916	68.2
4987	68.1
5060	67.9
5133	67.8
5208	67.7
5284	67.5
5360	67.3
5438	67.2
5518	67.2
5598	67.1
5679	67
5762	66.9
5846	66.7
5931	66.7
6017	66.6
6104	66.7
6193	66.6
6283	66.6
6375	66.6
6467	66.7
6561	66.7
6657	66.8
6754	67
6852	67
6952	67.2
7053	67.3
7155	67.5
7259	67.6
7365	67.8
7472	68
7581	68.3
7691	68.7
7803	69.3
7916	69.8
8032	70.3
8148	70.6
8267	70.5
8387	70.2
8509	69.6
8633	68.9
8758	67.9
8886	67
9015	66.1
9146	65.2
9279	64.3
9414	63.6
9551	63
9690	62.5
9831	62.1
9974	61.7
10119	61.5
10266	61.3
10416	61.2
10567	61.1
10721	61.1
10877	61.1
11035	61.1
11196	61
11358	61
11524	60.9
11691	60.8
11861	60.7
12034	60.6
12209	60.4
12386	60.3
12567	60.2
12749	60.2
12935	60.2
13123	60.4
13314	60.7
13507	61.2
13704	61.7
13903	62.2
14105	62.8
14311	63.3
14519	63.6
14730	63.5
14944	63.2
15162	62.6
15382	61.7
15606	60.4
15833	58.6
16063	57.5
16297	56.9
16534	56.4
16774	56.1
17018	55.8
17266	55.5
17517	55.3
17772	55.1
18030	54.7
18293	54.3
18559	53.9
18829	53.4
19102	52.9
19380	52.4
20000	52
overall dB	94.6 dB
decay	Average
averaging	1/12 Octave
source	Headset Microphone 1 Low Range
latitude	0
longitude	0
saved	2024/08/27 20:49
peak	26.4Hz
