19.500000, 74.182
19.750000, 74.183
20.000000, 74.185
20.299999, 74.188
20.600000, 74.191
20.900000, 74.193
21.200001, 74.196
21.400000, 74.198
21.799999, 74.202
22.000000, 74.206
22.400000, 74.230
22.700001, 74.267
23.000000, 74.299
23.299999, 74.314
23.600000, 74.318
24.000000, 74.309
24.299999, 74.284
24.700001, 74.248
25.000000, 74.238
25.400000, 74.239
25.799999, 74.243
26.200001, 74.246
26.500000, 74.241
26.900000, 74.216
27.200001, 74.191
27.600000, 74.166
28.000000, 74.140
28.500000, 74.086
29.000000, 74.018
29.500000, 73.938
30.000000, 73.876
30.400000, 73.839
30.700001, 73.821
31.100000, 73.814
31.500000, 73.815
32.000000, 73.811
32.500000, 73.782
33.000000, 73.735
33.500000, 73.676
34.000000, 73.610
34.500000, 73.555
35.000000, 73.499
35.500000, 73.435
36.000000, 73.385
36.500000, 73.344
37.000000, 73.307
37.500000, 73.271
38.200001, 73.219
38.700001, 73.183
39.500000, 73.120
40.000000, 73.065
40.599998, 72.984
41.200001, 72.896
41.799999, 72.808
42.500000, 72.707
43.099998, 72.626
43.700001, 72.560
44.400002, 72.489
45.000000, 72.417
45.500000, 72.364
46.200001, 72.291
46.799999, 72.206
47.500000, 72.086
48.200001, 71.972
48.700001, 71.903
49.400002, 71.818
50.000000, 71.748
50.799999, 71.659
51.500000, 71.583
52.200001, 71.508
53.000000, 71.423
53.799999, 71.339
54.500000, 71.268
55.200001, 71.192
56.000000, 71.089
57.000000, 70.937
58.000000, 70.790
59.000000, 70.661
60.000000, 70.548
60.799999, 70.455
61.500000, 70.373
62.200001, 70.276
63.000000, 70.154
64.000000, 70.005
65.000000, 69.853
66.000000, 69.715
67.000000, 69.591
68.000000, 69.473
69.000000, 69.359
70.000000, 69.250
71.000000, 69.144
72.000000, 69.037
73.000000, 68.919
74.000000, 68.785
75.000000, 68.648
76.199997, 68.495
77.500000, 68.358
78.800003, 68.219
80.000000, 68.058
81.199997, 67.873
82.500000, 67.688
83.800003, 67.533
85.000000, 67.411
86.199997, 67.297
87.500000, 67.163
88.500000, 67.067
90.000000, 66.905
91.199997, 66.739
92.500000, 66.555
93.800003, 66.401
95.000000, 66.283
96.199997, 66.174
97.500000, 66.050
98.800003, 65.911
100.000000, 65.786
101.500000, 65.667
103.000000, 65.579
104.400002, 65.484
106.000000, 65.333
107.500000, 65.185
109.000000, 65.046
110.599998, 64.868
112.000000, 64.697
113.800003, 64.504
115.000000, 64.413
117.199997, 64.283
118.000000, 64.240
120.599998, 64.098
122.000000, 63.989
124.099998, 63.780
125.000000, 63.686
126.500000, 63.540
128.000000, 63.424
131.500000, 63.216
132.000000, 63.189
134.000000, 63.085
136.000000, 63.009
138.000000, 62.948
140.000000, 62.862
143.000000, 62.692
145.000000, 62.590
147.500000, 62.480
150.000000, 62.381
152.500000, 62.276
155.000000, 62.179
157.500000, 62.094
160.000000, 62.039
162.500000, 61.988
165.000000, 61.901
167.500000, 61.807
170.000000, 61.736
172.500000, 61.677
175.000000, 61.599
177.500000, 61.499
180.000000, 61.400
182.500000, 61.315
185.000000, 61.262
187.500000, 61.226
190.000000, 61.193
192.500000, 61.151
195.000000, 61.100
197.500000, 61.054
200.000000, 61.005
203.000000, 60.927
206.000000, 60.845
209.000000, 60.780
212.000000, 60.721
214.000000, 60.673
218.000000, 60.566
220.000000, 60.522
224.000000, 60.449
227.000000, 60.388
230.000000, 60.330
233.000000, 60.287
236.000000, 60.259
240.000000, 60.262
243.000000, 60.286
247.000000, 60.281
250.000000, 60.238
254.000000, 60.189
258.000000, 60.171
262.000000, 60.147
265.000000, 60.126
269.000000, 60.098
272.000000, 60.077
276.000000, 60.042
280.000000, 59.990
285.000000, 59.932
290.000000, 59.908
295.000000, 59.904
300.000000, 59.926
304.000000, 59.950
307.000000, 59.960
311.000000, 59.965
315.000000, 59.977
320.000000, 59.994
325.000000, 59.985
330.000000, 59.973
335.000000, 59.990
340.000000, 60.020
345.000000, 60.054
350.000000, 60.104
355.000000, 60.142
360.000000, 60.179
365.000000, 60.215
370.000000, 60.250
375.000000, 60.295
382.000000, 60.319
387.000000, 60.309
395.000000, 60.309
400.000000, 60.335
406.000000, 60.397
412.000000, 60.477
418.000000, 60.530
425.000000, 60.561
431.000000, 60.572
437.000000, 60.565
444.000000, 60.556
450.000000, 60.568
455.000000, 60.587
462.000000, 60.615
468.000000, 60.634
475.000000, 60.642
482.000000, 60.653
487.000000, 60.667
494.000000, 60.671
500.000000, 60.651
508.000000, 60.618
515.000000, 60.624
522.000000, 60.645
530.000000, 60.631
538.000000, 60.597
545.000000, 60.576
552.000000, 60.562
560.000000, 60.545
570.000000, 60.514
580.000000, 60.479
590.000000, 60.482
600.000000, 60.484
608.000000, 60.475
615.000000, 60.459
622.000000, 60.432
630.000000, 60.389
640.000000, 60.342
650.000000, 60.300
660.000000, 60.249
670.000000, 60.214
680.000000, 60.198
690.000000, 60.183
700.000000, 60.150
710.000000, 60.104
720.000000, 60.072
730.000000, 60.052
740.000000, 60.023
750.000000, 59.982
762.000000, 59.945
775.000000, 59.929
788.000000, 59.921
800.000000, 59.914
812.000000, 59.908
825.000000, 59.902
838.000000, 59.896
850.000000, 59.890
862.000000, 59.885
875.000000, 59.880
885.000000, 59.877
900.000000, 59.885
912.000000, 59.912
925.000000, 59.955
938.000000, 60.007
950.000000, 60.066
962.000000, 60.122
975.000000, 60.170
988.000000, 60.218
1000.000000, 60.274
1015.000000, 60.370
1030.000000, 60.491
1044.000000, 60.628
1060.000000, 60.766
1075.000000, 60.858
1090.000000, 60.963
1106.000000, 61.100
1120.000000, 61.234
1138.000000, 61.433
1150.000000, 61.590
1172.000000, 61.862
1180.000000, 61.944
1206.000000, 62.165
1220.000000, 62.278
1241.000000, 62.473
1250.000000, 62.558
1265.000000, 62.702
1280.000000, 62.859
1315.000000, 63.179
1320.000000, 63.219
1340.000000, 63.347
1360.000000, 63.440
1380.000000, 63.546
1400.000000, 63.664
1430.000000, 63.862
1450.000000, 63.969
1475.000000, 64.074
1500.000000, 64.165
1525.000000, 64.269
1550.000000, 64.380
1575.000000, 64.488
1600.000000, 64.587
1625.000000, 64.672
1650.000000, 64.761
1675.000000, 64.850
1700.000000, 64.929
1725.000000, 65.017
1750.000000, 65.114
1775.000000, 65.211
1800.000000, 65.305
1825.000000, 65.389
1850.000000, 65.455
1875.000000, 65.524
1900.000000, 65.626
1925.000000, 65.752
1950.000000, 65.878
1975.000000, 65.990
2000.000000, 66.084
2030.000000, 66.187
2060.000000, 66.280
2090.000000, 66.395
2120.000000, 66.547
2140.000000, 66.641
2180.000000, 66.808
2200.000000, 66.895
2240.000000, 67.062
2270.000000, 67.170
2300.000000, 67.283
2330.000000, 67.414
2360.000000, 67.533
2400.000000, 67.670
2430.000000, 67.783
2470.000000, 67.940
2500.000000, 68.051
2540.000000, 68.206
2580.000000, 68.378
2620.000000, 68.517
2650.000000, 68.604
2690.000000, 68.720
2720.000000, 68.820
2760.000000, 68.962
2800.000000, 69.086
2850.000000, 69.218
2900.000000, 69.340
2950.000000, 69.444
3000.000000, 69.522
3040.000000, 69.587
3070.000000, 69.639
3110.000000, 69.699
3150.000000, 69.748
3200.000000, 69.798
3250.000000, 69.822
3300.000000, 69.831
3350.000000, 69.837
3400.000000, 69.841
3450.000000, 69.833
3500.000000, 69.805
3550.000000, 69.765
3600.000000, 69.723
3650.000000, 69.671
3700.000000, 69.600
3750.000000, 69.516
3820.000000, 69.387
3870.000000, 69.272
3950.000000, 69.060
4000.000000, 68.924
4060.000000, 68.774
4120.000000, 68.627
4180.000000, 68.453
4250.000000, 68.191
4310.000000, 67.966
4370.000000, 67.762
4440.000000, 67.535
4500.000000, 67.346
4550.000000, 67.180
4620.000000, 66.940
4680.000000, 66.717
4750.000000, 66.444
4820.000000, 66.200
4870.000000, 66.034
4940.000000, 65.800
5000.000000, 65.614
5080.000000, 65.390
5150.000000, 65.178
5220.000000, 64.949
5300.000000, 64.709
5380.000000, 64.494
5450.000000, 64.331
5520.000000, 64.182
5600.000000, 64.015
5700.000000, 63.807
5800.000000, 63.608
5900.000000, 63.447
6000.000000, 63.322
6080.000000, 63.229
6150.000000, 63.156
6220.000000, 63.100
6300.000000, 63.061
6400.000000, 63.037
6500.000000, 63.045
6600.000000, 63.090
6700.000000, 63.150
6800.000000, 63.220
6900.000000, 63.296
7000.000000, 63.337
7100.000000, 63.324
7200.000000, 63.280
7300.000000, 63.230
7400.000000, 63.231
7500.000000, 63.345
7620.000000, 63.618
7750.000000, 63.936
7880.000000, 64.116
8000.000000, 64.040
8120.000000, 63.670
8250.000000, 62.968
8380.000000, 62.034
8500.000000, 61.075
8620.000000, 60.113
8750.000000, 59.120
8850.000000, 58.393
9000.000000, 57.366
9120.000000, 56.614
9250.000000, 55.855
9380.000000, 55.150
9500.000000, 54.560
9620.000000, 54.023
9750.000000, 53.494
9880.000000, 53.017
10000.000000, 52.626
10150.000000, 52.221
10300.000000, 51.915
10440.000000, 51.710
10600.000000, 51.574
10750.000000, 51.568
10900.000000, 51.674
11060.000000, 51.906
11200.000000, 52.232
11380.000000, 52.865
11500.000000, 53.425
11720.000000, 54.652
11800.000000, 55.137
12060.000000, 56.692
12200.000000, 57.384
12410.000000, 58.032
12500.000000, 58.149
12650.000000, 58.152
12800.000000, 57.997
13150.000000, 57.448
13200.000000, 57.370
13400.000000, 57.062
13600.000000, 56.735
13800.000000, 56.345
14000.000000, 55.824
14300.000000, 54.797
14500.000000, 53.984
14750.000000, 52.885
15000.000000, 51.896
15250.000000, 51.282
15500.000000, 50.942
15750.000000, 50.768
16000.000000, 50.676
16250.000000, 50.652
16500.000000, 50.685
16750.000000, 50.738
17000.000000, 50.806
17250.000000, 50.875
17500.000000, 50.922
17750.000000, 50.939
18000.000000, 50.901
18250.000000, 50.812
18500.000000, 50.679
18750.000000, 50.485
19000.000000, 50.217
19250.000000, 49.849
19500.000000, 49.418
