FFT	AudioTools 	v17.4 (100) iPad battery 100%	2024/04/02 23:35	Headset Microphone 1 Low Range	EB05A3E2-10AC-49FE-A287-06AC06EBE5AD
Frequency	dB	Unweighted
19.5	73.3
19.8	73.4
20.1	73.4
20.3	73.5
20.6	73.5
20.9	73.5
21.2	73.5
21.6	73.6
21.9	73.7
22.2	73.8
22.5	73.9
22.8	74.1
23.2	74.3
23.5	74.5
23.8	74.6
24.2	74.6
24.5	74.6
24.9	74.6
25.3	74.7
25.6	74.8
26	75
26.4	75.2
26.8	75.3
27.2	75.5
27.5	75.6
28	75.6
28.4	75.6
28.8	75.5
29.2	75.5
29.6	75.5
30	75.5
30.5	75.4
30.9	75.4
31.4	75.3
31.8	75.2
32.3	75.2
32.8	75.2
33.2	75.2
33.7	75.3
34.2	75.3
34.7	75.4
35.2	75.5
35.7	75.6
36.2	75.7
36.8	75.8
37.3	75.9
37.9	75.9
38.4	75.7
39	75.5
39.5	75.3
40.1	75.3
40.7	75.3
41.3	75.4
41.9	75.6
42.5	75.8
43.1	75.9
43.7	75.9
44.4	75.8
45	75.7
45.7	75.5
46.3	75.3
47	75.2
47.7	75.3
48.4	75.4
49.1	75.5
49.8	75.5
50.5	75.5
51.3	75.4
52	75.2
52.8	75.1
53.5	75
54.3	75
55.1	75.1
55.9	75.1
56.7	75.1
57.5	74.9
58.4	74.8
59.2	74.7
60.1	74.6
61	74.5
61.8	74.4
62.7	74.4
63.7	74.3
64.6	74.3
65.5	74.4
66.5	74.3
67.4	74.1
68.4	73.9
69.4	73.7
70.4	73.6
71.5	73.5
72.5	73.5
73.5	73.4
74.6	73.3
75.7	73.2
76.8	73
77.9	72.9
79.1	73
80.2	73.1
81.4	73.2
82.6	73.4
83.8	73.7
85	73.6
86.2	73.2
87.5	72.8
88.7	72.6
90	72.5
91.3	72.3
92.7	72.1
94	72
95.4	71.9
96.8	71.8
98.2	71.8
99.6	72
101	72
103	71.7
104	71.5
106	71.4
107	71.3
109	71.3
110	71.2
112	71.3
113	71.4
115	71.5
117	71.4
118	71.1
120	70.9
122	70.8
124	70.9
125	71
127	70.9
129	70.6
131	70.1
133	69.7
135	69.6
137	69.6
139	69.5
141	69.5
143	69.5
145	69.5
147	69.4
149	69.3
151	69.1
154	68.9
156	68.5
158	68.2
160	68.1
163	68.2
165	68.3
168	68.5
170	68.4
172	68.4
175	68.1
177	67.8
180	67.8
183	67.7
185	67.5
188	67.4
191	67.5
194	67.6
196	67.7
199	67.6
202	67.4
205	67.2
208	67.1
211	67.1
214	67
217	67
220	66.9
224	66.7
227	66.6
230	66.6
234	66.6
237	66.5
240	66.4
244	66.4
247	66.4
251	66.2
255	66.2
258	66.1
262	65.9
266	66
270	66.1
274	66.1
278	65.9
282	65.8
286	65.8
290	65.7
294	65.6
298	65.7
303	65.7
307	65.5
312	65.4
316	65.5
321	65.6
325	65.5
330	65.5
335	65.5
340	65.4
345	65.4
350	65.4
355	65.4
360	65.2
365	65
371	65.1
376	65.1
382	65.2
387	65.2
393	65.2
398	65.2
404	65.1
410	65.1
416	65
422	64.9
428	65.1
434	65.2
441	65.2
447	65.2
454	65.1
460	64.9
467	64.9
474	64.9
481	65
488	64.8
495	64.9
502	64.9
509	64.8
517	64.9
524	64.8
532	64.7
540	64.7
547	64.6
555	64.7
563	64.7
572	64.6
580	64.6
588	64.7
597	64.7
606	64.6
614	64.6
623	64.7
632	64.6
642	64.6
651	64.7
660	64.7
670	64.8
680	64.8
690	64.7
700	64.8
710	64.8
720	64.9
731	64.8
741	64.8
752	64.8
763	64.7
774	64.7
785	64.7
797	64.7
808	64.7
820	64.7
832	64.5
844	64.5
856	64.5
869	64.5
882	64.5
894	64.6
907	64.5
921	64.5
934	64.6
948	64.6
961	64.7
975	64.8
990	64.7
1004	64.7
1019	64.7
1033	64.7
1048	64.8
1064	64.8
1079	64.9
1095	65
1111	65.1
1127	65.1
1143	65.3
1160	65.3
1177	65.4
1194	65.3
1211	65.3
1229	65.3
1247	65.4
1265	65.5
1283	65.6
1302	65.6
1321	65.6
1340	65.6
1360	65.6
1379	65.7
1399	65.7
1420	65.7
1440	65.9
1461	66
1483	66
1504	66
1526	66.1
1548	66.2
1571	66.2
1594	66.1
1617	66.1
1640	66.2
1664	66.3
1688	66.4
1713	66.5
1738	66.6
1763	66.6
1789	66.7
1815	66.8
1841	66.9
1868	67
1895	67.2
1923	67.3
1951	67.3
1979	67.4
2008	67.5
2037	67.6
2067	67.7
2097	67.9
2127	68
2158	68.1
2190	68.3
2221	68.5
2254	68.6
2287	68.6
2320	68.7
2354	68.8
2388	69
2423	69.1
2458	69.2
2494	69.3
2530	69.6
2567	69.7
2604	69.8
2642	69.9
2680	70
2719	70.2
2759	70.3
2799	70.3
2840	70.4
2881	70.4
2923	70.5
2965	70.6
3008	70.7
3052	70.7
3097	70.7
3142	70.8
3187	70.7
3234	70.7
3281	70.7
3328	70.7
3377	70.8
3426	70.7
3476	70.7
3526	70.7
3578	70.7
3630	70.6
3682	70.6
3736	70.5
3790	70.5
3846	70.3
3901	70.3
3958	70.2
4016	70.1
4074	69.9
4133	69.9
4194	69.8
4255	69.7
4316	69.6
4379	69.5
4443	69.3
4508	69.3
4573	69.2
4640	69.2
4707	69.1
4776	69
4845	69
4916	68.9
4987	68.8
5060	68.6
5133	68.5
5208	68.4
5284	68.3
5360	68.3
5438	68.2
5518	68.1
5598	68.2
5679	68.2
5762	68.2
5846	68.1
5931	68.1
6017	68.1
6104	68.1
6193	68
6283	67.9
6375	67.8
6467	67.7
6561	67.6
6657	67.6
6754	67.6
6852	67.6
6952	67.7
7053	67.8
7155	67.9
7259	68.1
7365	68.3
7472	68.4
7581	68.6
7691	68.7
7803	68.9
7916	68.9
8032	68.8
8148	68.7
8267	68.4
8387	68
8509	67.6
8633	67.3
8758	67
8886	66.8
9015	66.5
9146	66.2
9279	65.8
9414	65.5
9551	65.2
9690	65
9831	64.9
9974	64.8
10119	64.8
10266	64.7
10416	64.7
10567	64.7
10721	64.7
10877	64.7
11035	64.6
11196	64.5
11358	64.3
11524	64.3
11691	64.2
11861	64.1
12034	64
12209	63.9
12386	63.8
12567	63.7
12749	63.6
12935	63.5
13123	63.5
13314	63.5
13507	63.5
13704	63.5
13903	63.5
14105	63.5
14311	63.6
14519	63.8
14730	64.1
14944	64.6
15162	65.3
15382	66.9
15606	68.2
15833	69.4
16063	70.1
16297	70
16534	69.2
16774	68
17018	66.7
17266	65.5
17517	64.6
17772	63.9
18030	63.5
18293	63.2
18559	63
18829	62.7
19102	62.3
19380	61.7
20000	61.1
overall dB	96 dB
decay	Average
averaging	1/12 Octave
source	Headset Microphone 1 Low Range
latitude	0
longitude	0
saved	2024/04/02 23:35
peak	27.8Hz
