FFT	AudioTools 	v17.4 (100) iPad battery 100%	2024/04/02 23:36	Headset Microphone 1 Low Range	EB05A3E2-10AC-49FE-A287-06AC06EBE5AD
Frequency	dB	Unweighted
19.5	72.9
19.8	73
20.1	73.1
20.3	73.1
20.6	73.2
20.9	73.2
21.2	73.2
21.6	73.1
21.9	73.1
22.2	73.1
22.5	73.1
22.8	73.2
23.2	73.3
23.5	73.3
23.8	73.4
24.2	73.5
24.5	73.5
24.9	73.5
25.3	73.5
25.6	73.5
26	73.4
26.4	73.4
26.8	73.3
27.2	73.3
27.5	73.3
28	73.2
28.4	73.2
28.8	73.1
29.2	73.1
29.6	73
30	72.9
30.5	72.8
30.9	72.7
31.4	72.6
31.8	72.4
32.3	72.3
32.8	72.3
33.2	72.3
33.7	72.3
34.2	72.4
34.7	72.5
35.2	72.5
35.7	72.6
36.2	72.6
36.8	72.6
37.3	72.5
37.9	72.4
38.4	72.2
39	72
39.5	71.8
40.1	71.7
40.7	71.6
41.3	71.5
41.9	71.3
42.5	71.2
43.1	71.1
43.7	71
44.4	70.9
45	70.8
45.7	70.8
46.3	70.9
47	70.8
47.7	70.8
48.4	70.7
49.1	70.6
49.8	70.5
50.5	70.5
51.3	70.4
52	70.1
52.8	69.8
53.5	69.5
54.3	69.3
55.1	69.2
55.9	69.1
56.7	69
57.5	69
58.4	69
59.2	68.8
60.1	68.7
61	68.7
61.8	68.7
62.7	68.7
63.7	68.7
64.6	68.8
65.5	68.7
66.5	68.7
67.4	68.7
68.4	68.8
69.4	68.8
70.4	68.8
71.5	68.6
72.5	68.4
73.5	68.3
74.6	68.2
75.7	68.2
76.8	68.2
77.9	68.2
79.1	68.2
80.2	68.1
81.4	68
82.6	67.9
83.8	67.8
85	67.7
86.2	67.8
87.5	67.9
88.7	68
90	68.1
91.3	68.1
92.7	68.2
94	68.3
95.4	68.4
96.8	68.5
98.2	68.6
99.6	68.7
101	68.5
103	68.2
104	68.1
106	68.1
107	68.2
109	68.2
110	68.3
112	68.4
113	68.6
115	68.7
117	68.8
118	68.9
120	69
122	69
124	68.9
125	68.8
127	68.7
129	68.4
131	68.2
133	68.1
135	68.1
137	68.2
139	68.4
141	68.6
143	68.7
145	68.8
147	68.8
149	68.8
151	69
154	69
156	68.6
158	68.4
160	68.4
163	68.4
165	68.5
168	68.8
170	68.9
172	69
175	68.9
177	69
180	69
183	69.1
185	69.1
188	69.1
191	69
194	69
196	68.9
199	69
202	69
205	68.9
208	68.8
211	68.8
214	68.9
217	68.8
220	68.7
224	68.7
227	68.8
230	68.7
234	68.7
237	68.7
240	68.8
244	68.7
247	68.6
251	68.7
255	68.8
258	68.8
262	68.8
266	68.7
270	68.7
274	68.6
278	68.5
282	68.6
286	68.5
290	68.4
294	68.4
298	68.5
303	68.5
307	68.5
312	68.5
316	68.5
321	68.4
325	68.5
330	68.6
335	68.5
340	68.4
345	68.4
350	68.5
355	68.4
360	68.3
365	68.3
371	68.4
376	68.5
382	68.3
387	68.2
393	68.3
398	68.5
404	68.4
410	68.2
416	68.2
422	68.2
428	68.2
434	68.4
441	68.4
447	68.4
454	68.3
460	68.2
467	68.1
474	68.2
481	68.2
488	68
495	67.9
502	68
509	68
517	67.9
524	67.8
532	67.8
540	67.9
547	67.9
555	68
563	67.9
572	67.8
580	67.9
588	67.9
597	67.8
606	67.8
614	67.8
623	67.8
632	67.8
642	67.8
651	67.8
660	67.6
670	67.6
680	67.6
690	67.6
700	67.6
710	67.7
720	67.7
731	67.7
741	67.7
752	67.7
763	67.8
774	67.7
785	67.7
797	67.5
808	67.3
820	67.2
832	67.3
844	67.4
856	67.5
869	67.6
882	67.5
894	67.6
907	67.8
921	67.8
934	67.8
948	67.8
961	67.8
975	67.8
990	67.9
1004	68
1019	68.2
1033	68.2
1048	68.2
1064	68.2
1079	68.3
1095	68.4
1111	68.5
1127	68.5
1143	68.5
1160	68.6
1177	68.8
1194	68.9
1211	68.9
1229	69
1247	69
1265	69.1
1283	69.2
1302	69.3
1321	69.3
1340	69.3
1360	69.4
1379	69.4
1399	69.5
1420	69.5
1440	69.6
1461	69.6
1483	69.7
1504	69.7
1526	69.8
1548	69.9
1571	69.8
1594	69.9
1617	70
1640	70
1664	70.1
1688	70.2
1713	70.3
1738	70.4
1763	70.4
1789	70.5
1815	70.7
1841	70.8
1868	70.8
1895	70.9
1923	71
1951	71.1
1979	71.3
2008	71.4
2037	71.4
2067	71.5
2097	71.6
2127	71.7
2158	71.8
2190	72
2221	72.2
2254	72.4
2287	72.5
2320	72.7
2354	72.9
2388	73.1
2423	73.3
2458	73.6
2494	73.8
2530	74
2567	74.3
2604	74.6
2642	74.8
2680	75
2719	75.2
2759	75.4
2799	75.5
2840	75.6
2881	75.7
2923	75.8
2965	75.8
3008	75.9
3052	75.9
3097	75.8
3142	75.7
3187	75.6
3234	75.5
3281	75.4
3328	75.4
3377	75.3
3426	75.2
3476	75.1
3526	75
3578	74.9
3630	74.7
3682	74.6
3736	74.5
3790	74.4
3846	74.3
3901	74.2
3958	74.2
4016	74.1
4074	74.1
4133	74
4194	73.9
4255	73.8
4316	73.7
4379	73.7
4443	73.6
4508	73.5
4573	73.5
4640	73.4
4707	73.4
4776	73.4
4845	73.3
4916	73.3
4987	73.3
5060	73.3
5133	73.2
5208	73.1
5284	73
5360	72.9
5438	72.7
5518	72.6
5598	72.5
5679	72.4
5762	72.3
5846	72.2
5931	72.1
6017	72
6104	71.9
6193	71.8
6283	71.7
6375	71.6
6467	71.5
6561	71.4
6657	71.4
6754	71.4
6852	71.4
6952	71.5
7053	71.6
7155	71.7
7259	71.8
7365	71.9
7472	72
7581	72.1
7691	72.2
7803	72.3
7916	72.3
8032	72.2
8148	72.1
8267	71.9
8387	71.6
8509	71.2
8633	70.9
8758	70.7
8886	70.5
9015	70.3
9146	70
9279	69.7
9414	69.5
9551	69.3
9690	69.1
9831	69
9974	68.9
10119	68.8
10266	68.7
10416	68.7
10567	68.7
10721	68.7
10877	68.6
11035	68.5
11196	68.4
11358	68.3
11524	68.1
11691	68
11861	67.8
12034	67.8
12209	67.7
12386	67.6
12567	67.5
12749	67.4
12935	67.4
13123	67.3
13314	67.2
13507	67.1
13704	67
13903	66.9
14105	66.9
14311	66.8
14519	66.8
14730	66.9
14944	67
15162	67.2
15382	68
15606	68.8
15833	69.6
16063	70
16297	69.8
16534	69.2
16774	68.3
17018	67.4
17266	66.6
17517	66
17772	65.6
18030	65.2
18293	64.9
18559	64.6
18829	64.2
19102	63.6
19380	62.9
20000	62.4
overall dB	96 dB
decay	Average
averaging	1/12 Octave
source	Headset Microphone 1 Low Range
latitude	0
longitude	0
saved	2024/04/02 23:36
peak	20.5Hz
