FFT	AudioTools 	v17.4 (100) iPad battery 100%	2024/04/03 11:47	Headset Microphone 1 Low Range	EB05A3E2-10AC-49FE-A287-06AC06EBE5AD
Frequency	dB	Unweighted
19.5	72.4
19.8	72.4
20.1	72.4
20.3	72.4
20.6	72.5
20.9	72.6
21.2	72.7
21.6	72.8
21.9	73
22.2	73.1
22.5	73.3
22.8	73.4
23.2	73.5
23.5	73.6
23.8	73.7
24.2	73.8
24.5	73.9
24.9	74
25.3	74.1
25.6	74.2
26	74.2
26.4	74.2
26.8	74.3
27.2	74.3
27.5	74.4
28	74.5
28.4	74.7
28.8	74.8
29.2	75
29.6	75
30	75
30.5	75
30.9	75
31.4	74.9
31.8	74.8
32.3	74.7
32.8	74.7
33.2	74.6
33.7	74.6
34.2	74.6
34.7	74.6
35.2	74.7
35.7	74.8
36.2	74.8
36.8	74.8
37.3	74.8
37.9	74.8
38.4	74.8
39	74.8
39.5	74.8
40.1	74.9
40.7	75
41.3	75.1
41.9	75.1
42.5	75.1
43.1	75.1
43.7	75
44.4	75
45	74.9
45.7	74.7
46.3	74.5
47	74.4
47.7	74.3
48.4	74.2
49.1	74.2
49.8	74.2
50.5	74.2
51.3	74.1
52	74
52.8	74
53.5	74
54.3	74
55.1	74
55.9	74
56.7	73.9
57.5	73.7
58.4	73.7
59.2	73.7
60.1	73.6
61	73.5
61.8	73.5
62.7	73.6
63.7	73.7
64.6	73.8
65.5	73.8
66.5	73.7
67.4	73.5
68.4	73.2
69.4	73
70.4	72.9
71.5	72.8
72.5	72.8
73.5	72.8
74.6	72.7
75.7	72.6
76.8	72.5
77.9	72.4
79.1	72.4
80.2	72.3
81.4	72.1
82.6	71.9
83.8	71.8
85	71.7
86.2	71.6
87.5	71.4
88.7	71.3
90	71.3
91.3	71.3
92.7	71.4
94	71.6
95.4	71.7
96.8	71.6
98.2	71.6
99.6	71.5
101	71.3
103	71
104	70.8
106	70.6
107	70.5
109	70.4
110	70.2
112	70
113	69.8
115	69.6
117	69.5
118	69.4
120	69.3
122	69.3
124	69.3
125	69.2
127	69.2
129	69.2
131	69.2
133	69.1
135	69.1
137	69.2
139	69.3
141	69.3
143	69.5
145	69.4
147	69.1
149	68.9
151	68.8
154	68.9
156	68.8
158	68.7
160	68.6
163	68.6
165	68.5
168	68.3
170	68.1
172	68
175	67.9
177	67.9
180	67.9
183	68.1
185	68.1
188	68
191	67.9
194	67.9
196	67.8
199	67.8
202	67.6
205	67.5
208	67.5
211	67.5
214	67.5
217	67.4
220	67.3
224	67.2
227	67
230	67
234	67.1
237	67.1
240	67.1
244	67
247	67
251	66.9
255	66.7
258	66.6
262	66.5
266	66.5
270	66.5
274	66.5
278	66.5
282	66.4
286	66.3
290	66.5
294	66.5
298	66.6
303	66.7
307	66.9
312	66.8
316	66.8
321	66.9
325	66.8
330	66.6
335	66.6
340	66.7
345	66.7
350	66.6
355	66.6
360	66.6
365	66.4
371	66.4
376	66.4
382	66.4
387	66.4
393	66.5
398	66.6
404	66.5
410	66.5
416	66.4
422	66.3
428	66.4
434	66.4
441	66.4
447	66.5
454	66.5
460	66.5
467	66.3
474	66.3
481	66.3
488	66.4
495	66.3
502	66.3
509	66.2
517	66.2
524	66.3
532	66.4
540	66.3
547	66.3
555	66.3
563	66.3
572	66.3
580	66.3
588	66.2
597	66.2
606	66.3
614	66.3
623	66.2
632	66.1
642	66.1
651	66.2
660	66.2
670	66.2
680	66.2
690	66.2
700	66.1
710	66
720	66
731	66.1
741	66.1
752	66.1
763	66.1
774	66
785	66
797	66.1
808	66
820	66
832	66
844	66.1
856	66.1
869	66
882	66.1
894	66.2
907	66.1
921	66.2
934	66.2
948	66.1
961	66.2
975	66.3
990	66.3
1004	66.4
1019	66.4
1033	66.5
1048	66.5
1064	66.4
1079	66.4
1095	66.5
1111	66.7
1127	66.7
1143	66.8
1160	66.9
1177	66.9
1194	67
1211	67
1229	67.1
1247	67.1
1265	67.2
1283	67.2
1302	67.3
1321	67.4
1340	67.4
1360	67.5
1379	67.5
1399	67.6
1420	67.6
1440	67.7
1461	67.9
1483	68
1504	67.9
1526	67.9
1548	67.9
1571	67.9
1594	68
1617	68.1
1640	68.2
1664	68.2
1688	68.2
1713	68.3
1738	68.5
1763	68.6
1789	68.6
1815	68.8
1841	68.9
1868	69
1895	69.1
1923	69.2
1951	69.3
1979	69.3
2008	69.4
2037	69.6
2067	69.7
2097	69.8
2127	69.9
2158	69.9
2190	70.1
2221	70.3
2254	70.5
2287	70.6
2320	70.8
2354	70.9
2388	71
2423	71.2
2458	71.4
2494	71.5
2530	71.6
2567	71.7
2604	71.8
2642	72
2680	72.1
2719	72.3
2759	72.4
2799	72.5
2840	72.6
2881	72.6
2923	72.7
2965	72.8
3008	72.9
3052	73
3097	73
3142	73
3187	73
3234	73
3281	73.1
3328	73.2
3377	73.2
3426	73.1
3476	73.1
3526	73.1
3578	73
3630	73
3682	73
3736	72.9
3790	72.9
3846	72.8
3901	72.8
3958	72.7
4016	72.6
4074	72.5
4133	72.5
4194	72.5
4255	72.3
4316	72.3
4379	72.2
4443	72.1
4508	72.1
4573	72
4640	71.9
4707	71.9
4776	71.8
4845	71.7
4916	71.7
4987	71.7
5060	71.7
5133	71.7
5208	71.6
5284	71.5
5360	71.4
5438	71.4
5518	71.4
5598	71.3
5679	71.2
5762	71.2
5846	71.2
5931	71.2
6017	71.2
6104	71.2
6193	71.1
6283	71
6375	70.8
6467	70.7
6561	70.5
6657	70.5
6754	70.6
6852	70.6
6952	70.7
7053	70.8
7155	71
7259	71.1
7365	71.3
7472	71.5
7581	71.6
7691	71.8
7803	72
7916	72.1
8032	72.2
8148	72.2
8267	72.1
8387	71.9
8509	71.6
8633	71.3
8758	71.1
8886	70.9
9015	70.7
9146	70.3
9279	70
9414	69.6
9551	69.4
9690	69.1
9831	69
9974	68.8
10119	68.8
10266	68.8
10416	68.8
10567	68.9
10721	68.9
10877	68.8
11035	68.8
11196	68.7
11358	68.5
11524	68.4
11691	68.3
11861	68.2
12034	68.1
12209	68
12386	67.9
12567	67.8
12749	67.7
12935	67.7
13123	67.6
13314	67.6
13507	67.6
13704	67.5
13903	67.5
14105	67.5
14311	67.6
14519	67.6
14730	67.7
14944	67.9
15162	68.2
15382	69.1
15606	69.9
15833	70.9
16063	71.8
16297	72.2
16534	71.9
16774	71
17018	69.9
17266	68.7
17517	67.7
17772	67
18030	66.4
18293	66
18559	65.6
18829	65.2
19102	64.6
19380	63.9
20000	63.3
overall dB	96.2 dB
decay	Average
averaging	1/12 Octave
source	Headset Microphone 1 Low Range
latitude	0
longitude	0
saved	2024/04/03 11:47
peak	29.3Hz
