FFT	AudioTools 	v17.9 (4) iPad battery 100%	2024/05/30 13:45	Headset Microphone 1 Low Range	EB05A3E2-10AC-49FE-A287-06AC06EBE5AD
Frequency	dB	Unweighted
19.5	71.6
19.8	71.6
20.1	71.7
20.3	71.8
20.6	71.8
20.9	72
21.2	72.1
21.6	72.2
21.9	72.3
22.2	72.3
22.5	72.3
22.8	72.3
23.2	72.3
23.5	72.3
23.8	72.3
24.2	72.3
24.5	72.3
24.9	72.3
25.3	72.4
25.6	72.5
26	72.6
26.4	72.6
26.8	72.6
27.2	72.6
27.5	72.6
28	72.6
28.4	72.6
28.8	72.6
29.2	72.7
29.6	72.7
30	72.8
30.5	72.9
30.9	73
31.4	73
31.8	73
32.3	73
32.8	73
33.2	73
33.7	73
34.2	72.9
34.7	72.9
35.2	72.8
35.7	72.8
36.2	72.8
36.8	72.8
37.3	72.9
37.9	73
38.4	73.1
39	73.2
39.5	73.1
40.1	73.1
40.7	72.9
41.3	72.9
41.9	72.8
42.5	72.9
43.1	73.1
43.7	73.2
44.4	73.3
45	73.3
45.7	73.3
46.3	73.1
47	73
47.7	72.9
48.4	72.8
49.1	72.7
49.8	72.7
50.5	72.6
51.3	72.6
52	72.6
52.8	72.6
53.5	72.7
54.3	72.7
55.1	72.6
55.9	72.5
56.7	72.6
57.5	72.7
58.4	72.8
59.2	73
60.1	73
61	73.1
61.8	73
62.7	72.9
63.7	72.7
64.6	72.7
65.5	72.6
66.5	72.6
67.4	72.6
68.4	72.6
69.4	72.6
70.4	72.4
71.5	72.3
72.5	72.1
73.5	71.9
74.6	71.9
75.7	71.9
76.8	72
77.9	72
79.1	72
80.2	72
81.4	72
82.6	71.9
83.8	71.6
85	71.4
86.2	71.3
87.5	71.3
88.7	71.3
90	71.2
91.3	71.1
92.7	71.1
94	71.1
95.4	71.1
96.8	71.1
98.2	71.1
99.6	70.9
101	70.8
103	70.8
104	70.8
106	70.9
107	71
109	70.9
110	70.9
112	70.8
113	70.5
115	70.3
117	70.2
118	70.3
120	70.4
122	70.4
124	70.2
125	69.9
127	69.7
129	69.6
131	69.6
133	69.4
135	69.2
137	69.1
139	69.2
141	69.3
143	69.4
145	69.4
147	69.2
149	69.2
151	69.3
154	69.2
156	69
158	68.8
160	68.6
163	68.6
165	68.3
168	68
170	67.7
172	67.6
175	67.6
177	67.5
180	67.3
183	67.1
185	67.1
188	67.1
191	67
194	66.8
196	66.8
199	66.8
202	66.8
205	66.7
208	66.6
211	66.8
214	66.9
217	66.6
220	66.2
224	65.9
227	65.6
230	65.5
234	65.6
237	65.8
240	65.9
244	65.9
247	65.9
251	66.1
255	66.1
258	66
262	66.1
266	66.1
270	66
274	65.8
278	65.6
282	65.6
286	65.5
290	65.6
294	65.7
298	65.5
303	65.5
307	65.6
312	65.6
316	65.5
321	65.3
325	65.3
330	65.3
335	65.4
340	65.4
345	65.5
350	65.5
355	65.5
360	65.3
365	65.3
371	65.4
376	65.6
382	65.5
387	65.5
393	65.3
398	65.3
404	65.4
410	65.6
416	65.6
422	65.7
428	65.8
434	65.8
441	65.6
447	65.5
454	65.3
460	65.2
467	65.2
474	65.2
481	65.2
488	65.3
495	65.2
502	65.2
509	65.4
517	65.6
524	65.6
532	65.5
540	65.4
547	65.5
555	65.6
563	65.6
572	65.6
580	65.6
588	65.6
597	65.4
606	65.3
614	65.4
623	65.4
632	65.5
642	65.5
651	65.4
660	65.2
670	65.1
680	65.1
690	65.2
700	65.3
710	65.4
720	65.3
731	65.4
741	65.4
752	65.4
763	65.4
774	65.3
785	65.4
797	65.4
808	65.3
820	65.4
832	65.3
844	65.4
856	65.5
869	65.5
882	65.4
894	65.4
907	65.5
921	65.6
934	65.6
948	65.6
961	65.6
975	65.6
990	65.5
1004	65.5
1019	65.6
1033	65.7
1048	65.8
1064	65.9
1079	66.1
1095	66.2
1111	66.2
1127	66.3
1143	66.4
1160	66.6
1177	66.9
1194	66.9
1211	67
1229	67.1
1247	67.1
1265	67.1
1283	67.2
1302	67.3
1321	67.3
1340	67.3
1360	67.5
1379	67.6
1399	67.8
1420	67.9
1440	67.9
1461	68
1483	68.1
1504	68.2
1526	68.2
1548	68.2
1571	68.3
1594	68.3
1617	68.4
1640	68.4
1664	68.5
1688	68.6
1713	68.6
1738	68.7
1763	69
1789	69.1
1815	69.4
1841	69.6
1868	69.7
1895	69.7
1923	69.8
1951	69.9
1979	70.1
2008	70.2
2037	70.3
2067	70.5
2097	70.6
2127	70.8
2158	70.9
2190	71
2221	71
2254	71.2
2287	71.4
2320	71.5
2354	71.6
2388	71.6
2423	71.7
2458	71.8
2494	71.9
2530	71.9
2567	72.1
2604	72.2
2642	72.3
2680	72.4
2719	72.5
2759	72.6
2799	72.7
2840	72.8
2881	72.9
2923	73.1
2965	73.1
3008	73.1
3052	73
3097	72.9
3142	72.8
3187	72.7
3234	72.6
3281	72.6
3328	72.5
3377	72.4
3426	72.3
3476	72.2
3526	72.2
3578	72.1
3630	72.1
3682	72
3736	71.9
3790	71.9
3846	71.9
3901	71.8
3958	71.8
4016	71.8
4074	71.7
4133	71.7
4194	71.7
4255	71.8
4316	71.8
4379	71.8
4443	71.8
4508	71.7
4573	71.6
4640	71.5
4707	71.3
4776	71.2
4845	71
4916	70.9
4987	70.7
5060	70.6
5133	70.4
5208	70.2
5284	70
5360	69.7
5438	69.5
5518	69.2
5598	68.9
5679	68.6
5762	68.4
5846	68.2
5931	68
6017	67.9
6104	67.8
6193	67.7
6283	67.5
6375	67.5
6467	67.5
6561	67.6
6657	67.8
6754	67.9
6852	68.2
6952	68.4
7053	68.8
7155	69.2
7259	69.7
7365	70.1
7472	70.6
7581	71.1
7691	71.4
7803	71.7
7916	71.8
8032	71.7
8148	71.5
8267	71.3
8387	70.9
8509	70.4
8633	69.8
8758	69.2
8886	68.6
9015	68.1
9146	67.7
9279	67.2
9414	66.9
9551	66.6
9690	66.3
9831	66
9974	65.7
10119	65.5
10266	65.3
10416	65.2
10567	65
10721	64.9
10877	64.8
11035	64.8
11196	64.7
11358	64.6
11524	64.6
11691	64.6
11861	64.6
12034	64.6
12209	64.6
12386	64.7
12567	64.9
12749	65.1
12935	65.2
13123	65.3
13314	65.5
13507	65.7
13704	65.9
13903	66
14105	66
14311	66
14519	65.8
14730	65.7
14944	65.5
15162	65.2
15382	64.4
15606	63.7
15833	63.1
16063	62.7
16297	62.2
16534	61.6
16774	60.9
17018	60.3
17266	59.6
17517	59
17772	58.5
18030	58
18293	57.4
18559	56.9
18829	56.2
19102	55.5
19380	55
20000	54.7
overall dB	94.6 dB
decay	Average
averaging	1/12 Octave
source	Headset Microphone 1 Low Range
latitude	0
longitude	0
saved	2024/05/30 13:45
peak	22.0Hz
