FFT	AudioTools 	v17.10 (4) iPad battery 100%	2024/06/29 20:52	Headset Microphone 1 Low Range	EB05A3E2-10AC-49FE-A287-06AC06EBE5AD
Frequency	dB	Unweighted
19.5	58.5
19.8	58.5
20.1	58.5
20.3	58.5
20.6	58.5
20.9	58.5
21.2	58.6
21.6	58.6
21.9	58.6
22.2	58.7
22.5	58.7
22.8	58.7
23.2	58.8
23.5	58.8
23.8	58.8
24.2	58.9
24.5	58.9
24.9	59
25.3	59
25.6	59
26	59
26.4	59
26.8	59
27.2	59
27.5	59
28	59
28.4	58.9
28.8	58.9
29.2	59
29.6	59
30	59
30.5	59
30.9	59
31.4	58.9
31.8	58.8
32.3	58.7
32.8	58.6
33.2	58.6
33.7	58.7
34.2	58.8
34.7	59
35.2	59.1
35.7	59.1
36.2	59.2
36.8	59.1
37.3	59.1
37.9	59
38.4	59
39	59
39.5	59
40.1	58.9
40.7	58.8
41.3	58.6
41.9	58.6
42.5	58.6
43.1	58.7
43.7	58.8
44.4	58.9
45	58.8
45.7	58.7
46.3	58.6
47	58.6
47.7	58.7
48.4	58.8
49.1	58.8
49.8	58.8
50.5	58.8
51.3	58.8
52	58.8
52.8	58.8
53.5	58.8
54.3	58.6
55.1	58.5
55.9	58.3
56.7	58.4
57.5	58.4
58.4	58.4
59.2	58.4
60.1	58.4
61	58.4
61.8	58.4
62.7	58.3
63.7	58.3
64.6	58.3
65.5	58.3
66.5	58.3
67.4	58.4
68.4	58.4
69.4	58.4
70.4	58.4
71.5	58.4
72.5	58.3
73.5	58.1
74.6	58
75.7	57.8
76.8	57.8
77.9	57.8
79.1	57.8
80.2	57.8
81.4	57.7
82.6	57.4
83.8	57.2
85	57.2
86.2	57.2
87.5	57.3
88.7	57.4
90	57.4
91.3	57.2
92.7	57.2
94	57.2
95.4	56.9
96.8	56.7
98.2	56.7
99.6	56.7
101	56.6
103	56.5
104	56.5
106	56.4
107	56.4
109	56.3
110	56.2
112	56
113	56
115	56
117	55.9
118	55.7
120	55.7
122	55.7
124	55.6
125	55.5
127	55.4
129	55.5
131	55.4
133	55.2
135	55
137	54.9
139	54.7
141	54.6
143	54.6
145	54.4
147	54.2
149	54
151	54
154	53.9
156	53.8
158	53.8
160	53.8
163	53.7
165	53.5
168	53.3
170	53.1
172	52.9
175	52.9
177	53
180	53
183	53
185	53
188	52.8
191	52.7
194	52.6
196	52.6
199	52.3
202	52.2
205	52
208	51.9
211	51.9
214	51.9
217	51.8
220	51.8
224	51.7
227	51.4
230	51.2
234	51.3
237	51.3
240	51.2
244	51.2
247	51.2
251	51.1
255	51
258	50.9
262	50.8
266	50.8
270	50.6
274	50.6
278	50.6
282	50.6
286	50.6
290	50.5
294	50.4
298	50.3
303	50.3
307	50.3
312	50.3
316	50.3
321	50.3
325	50.4
330	50.4
335	50.4
340	50.2
345	50.2
350	50.4
355	50.5
360	50.5
365	50.5
371	50.6
376	50.6
382	50.4
387	50.3
393	50.3
398	50.3
404	50.4
410	50.5
416	50.3
422	50.3
428	50.4
434	50.4
441	50.3
447	50.3
454	50.3
460	50.3
467	50.3
474	50.2
481	50.1
488	50.2
495	50.1
502	50.1
509	50.2
517	50.2
524	50.1
532	50
540	50
547	50.1
555	50.1
563	50.1
572	50.1
580	50
588	50.1
597	50.1
606	50.1
614	50.1
623	50
632	49.9
642	49.8
651	49.7
660	49.8
670	49.8
680	49.7
690	49.6
700	49.6
710	49.6
720	49.6
731	49.6
741	49.6
752	49.5
763	49.4
774	49.4
785	49.3
797	49.3
808	49.3
820	49.2
832	49.2
844	49.2
856	49.2
869	49.2
882	49.2
894	49.2
907	49.2
921	49.1
934	49.1
948	49.2
961	49.2
975	49.2
990	49.2
1004	49.3
1019	49.3
1033	49.4
1048	49.5
1064	49.5
1079	49.6
1095	49.9
1111	50
1127	50.1
1143	50.3
1160	50.5
1177	50.7
1194	50.9
1211	51
1229	51.3
1247	51.4
1265	51.5
1283	51.6
1302	51.7
1321	51.9
1340	52.1
1360	52.1
1379	52.3
1399	52.3
1420	52.4
1440	52.5
1461	52.6
1483	52.7
1504	52.7
1526	52.8
1548	52.9
1571	53
1594	53.1
1617	53.3
1640	53.3
1664	53.4
1688	53.5
1713	53.6
1738	53.7
1763	53.9
1789	54
1815	54.2
1841	54.3
1868	54.5
1895	54.6
1923	54.8
1951	55
1979	55.1
2008	55.3
2037	55.4
2067	55.5
2097	55.7
2127	55.8
2158	55.9
2190	56.1
2221	56.2
2254	56.3
2287	56.4
2320	56.5
2354	56.6
2388	56.6
2423	56.7
2458	56.7
2494	56.9
2530	56.9
2567	57
2604	57.1
2642	57.3
2680	57.4
2719	57.4
2759	57.6
2799	57.6
2840	57.8
2881	57.9
2923	58
2965	58
3008	58
3052	58
3097	57.8
3142	57.7
3187	57.5
3234	57.4
3281	57.3
3328	57.2
3377	57.2
3426	57.1
3476	57
3526	56.9
3578	56.8
3630	56.7
3682	56.6
3736	56.6
3790	56.5
3846	56.4
3901	56.3
3958	56.2
4016	56.2
4074	56.2
4133	56.3
4194	56.3
4255	56.3
4316	56.3
4379	56.3
4443	56.2
4508	56.2
4573	56
4640	55.9
4707	55.7
4776	55.6
4845	55.4
4916	55.2
4987	54.9
5060	54.7
5133	54.5
5208	54.2
5284	53.8
5360	53.4
5438	53.1
5518	52.7
5598	52.3
5679	51.9
5762	51.5
5846	51.2
5931	50.9
6017	50.7
6104	50.5
6193	50.3
6283	50.2
6375	50.2
6467	50.2
6561	50.3
6657	50.5
6754	50.7
6852	51
6952	51.3
7053	51.8
7155	52.2
7259	52.8
7365	53.4
7472	54.1
7581	54.8
7691	55.5
7803	56.1
7916	56.5
8032	56.7
8148	56.7
8267	56.5
8387	56.1
8509	55.5
8633	54.9
8758	54.3
8886	53.6
9015	52.8
9146	52
9279	51.3
9414	50.7
9551	50.3
9690	49.8
9831	49.4
9974	48.8
10119	48.5
10266	48.2
10416	47.9
10567	47.6
10721	47.3
10877	47.2
11035	47
11196	46.9
11358	46.9
11524	46.9
11691	46.9
11861	47
12034	47.1
12209	47.3
12386	47.5
12567	47.8
12749	48.1
12935	48.5
13123	48.8
13314	49.2
13507	49.6
13704	50
13903	50.2
14105	50.3
14311	50.4
14519	50.4
14730	50.3
14944	50.1
15162	49.9
15382	49.3
15606	48.6
15833	48.1
16063	48
16297	47.9
16534	47.5
16774	46.7
17018	45.5
17266	43.9
17517	42.1
17772	40.3
18030	38.6
18293	36.9
18559	35.2
18829	33.6
19102	32.3
19380	31.9
20000	31.3
overall dB	80.3 dB
decay	Average
averaging	1/24 Octave
source	Headset Microphone 1 Low Range
latitude	0
longitude	0
saved	2024/06/29 20:52
peak	19.0Hz
