FFT	AudioTools 	v17.4 (100) iPad battery 100%	2024/04/02 14:24	Headset Microphone 1 Low Range	EB05A3E2-10AC-49FE-A287-06AC06EBE5AD
Frequency	dB	Unweighted
19.5	72.8
19.8	72.8
20.1	72.7
20.3	72.6
20.6	72.6
20.9	72.5
21.2	72.4
21.6	72.4
21.9	72.4
22.2	72.4
22.5	72.4
22.8	72.5
23.2	72.6
23.5	72.7
23.8	72.8
24.2	72.9
24.5	72.9
24.9	73
25.3	73
25.6	73
26	72.9
26.4	72.9
26.8	72.8
27.2	72.8
27.5	72.7
28	72.7
28.4	72.7
28.8	72.7
29.2	72.8
29.6	72.9
30	73.1
30.5	73.2
30.9	73.4
31.4	73.5
31.8	73.6
32.3	73.7
32.8	73.7
33.2	73.7
33.7	73.7
34.2	73.7
34.7	73.6
35.2	73.6
35.7	73.7
36.2	73.7
36.8	73.7
37.3	73.7
37.9	73.6
38.4	73.5
39	73.5
39.5	73.5
40.1	73.6
40.7	73.7
41.3	73.9
41.9	74
42.5	73.9
43.1	73.8
43.7	73.7
44.4	73.6
45	73.5
45.7	73.5
46.3	73.4
47	73.3
47.7	73.1
48.4	73
49.1	72.8
49.8	72.6
50.5	72.4
51.3	72.2
52	72.1
52.8	72.1
53.5	72.3
54.3	72.5
55.1	72.6
55.9	72.5
56.7	72.4
57.5	72.4
58.4	72.5
59.2	72.4
60.1	72.2
61	72
61.8	71.8
62.7	71.6
63.7	71.4
64.6	71.3
65.5	71.2
66.5	71.1
67.4	70.9
68.4	70.8
69.4	70.7
70.4	70.9
71.5	71
72.5	71
73.5	71
74.6	70.9
75.7	70.7
76.8	70.7
77.9	70.7
79.1	70.7
80.2	70.5
81.4	70.2
82.6	69.8
83.8	69.7
85	69.8
86.2	69.8
87.5	69.7
88.7	69.7
90	70
91.3	70.2
92.7	70.1
94	69.8
95.4	69.7
96.8	69.6
98.2	69.5
99.6	69.4
101	69.4
103	69.6
104	69.8
106	69.8
107	69.7
109	69.6
110	69.6
112	69.5
113	69.3
115	69.3
117	69.2
118	69.1
120	69.2
122	69.4
124	69.7
125	69.7
127	69.4
129	69.2
131	68.9
133	68.7
135	68.5
137	68.4
139	68.2
141	68.1
143	68.1
145	68
147	67.9
149	67.7
151	67.4
154	67.3
156	67.3
158	67.5
160	67.5
163	67.4
165	67.3
168	67.2
170	67.1
172	67.1
175	67
177	67.1
180	67.1
183	67.1
185	67
188	66.9
191	66.9
194	66.7
196	66.5
199	66.6
202	66.5
205	66.5
208	66.6
211	66.6
214	66.8
217	66.8
220	66.7
224	66.6
227	66.7
230	66.7
234	66.5
237	66.4
240	66.4
244	66.5
247	66.4
251	66.5
255	66.5
258	66.4
262	66.2
266	66
270	66.1
274	66.2
278	66.2
282	65.9
286	65.8
290	65.9
294	66.1
298	66.2
303	66.3
307	66.3
312	66.2
316	65.9
321	65.7
325	65.7
330	65.9
335	66
340	66.2
345	66
350	65.9
355	65.9
360	66.1
365	66.1
371	66.1
376	66
382	65.9
387	65.9
393	66
398	66
404	66
410	66.1
416	66
422	66
428	65.9
434	66
441	66.1
447	66.2
454	66.3
460	66.3
467	66.2
474	66.2
481	66.3
488	66.3
495	66.3
502	66.4
509	66.3
517	66.3
524	66.4
532	66.5
540	66.6
547	66.5
555	66.4
563	66.4
572	66.4
580	66.4
588	66.5
597	66.5
606	66.6
614	66.6
623	66.7
632	66.6
642	66.6
651	66.6
660	66.6
670	66.6
680	66.8
690	66.8
700	66.8
710	66.9
720	66.9
731	66.9
741	67
752	67
763	67
774	67.1
785	67.1
797	67.1
808	67.1
820	67.2
832	67.4
844	67.6
856	67.6
869	67.6
882	67.6
894	67.7
907	67.7
921	67.7
934	67.8
948	68
961	67.9
975	68
990	68.1
1004	68.1
1019	68.1
1033	68.1
1048	68.1
1064	68.1
1079	68.2
1095	68.2
1111	68.3
1127	68.4
1143	68.5
1160	68.5
1177	68.5
1194	68.5
1211	68.6
1229	68.6
1247	68.6
1265	68.7
1283	68.8
1302	68.8
1321	68.9
1340	69
1360	69
1379	68.9
1399	68.9
1420	68.9
1440	69
1461	69
1483	69.1
1504	69.2
1526	69.3
1548	69.2
1571	69.2
1594	69.3
1617	69.3
1640	69.3
1664	69.4
1688	69.6
1713	69.6
1738	69.7
1763	69.9
1789	70.1
1815	70.3
1841	70.4
1868	70.4
1895	70.5
1923	70.6
1951	70.7
1979	70.8
2008	71.1
2037	71.2
2067	71.3
2097	71.4
2127	71.6
2158	71.8
2190	71.9
2221	72.1
2254	72.2
2287	72.4
2320	72.5
2354	72.6
2388	72.7
2423	72.9
2458	73
2494	73.2
2530	73.3
2567	73.4
2604	73.6
2642	73.6
2680	73.8
2719	74
2759	74.2
2799	74.3
2840	74.4
2881	74.5
2923	74.6
2965	74.7
3008	74.8
3052	74.9
3097	75
3142	75
3187	74.9
3234	74.9
3281	75
3328	75
3377	74.9
3426	74.9
3476	74.9
3526	74.9
3578	74.8
3630	74.8
3682	74.7
3736	74.6
3790	74.6
3846	74.6
3901	74.6
3958	74.6
4016	74.5
4074	74.4
4133	74.3
4194	74.3
4255	74.2
4316	74.2
4379	74.2
4443	74.2
4508	74.1
4573	74.1
4640	74.1
4707	74
4776	74
4845	74
4916	74.1
4987	74.1
5060	74
5133	74
5208	73.9
5284	73.8
5360	73.7
5438	73.7
5518	73.6
5598	73.5
5679	73.4
5762	73.4
5846	73.3
5931	73.3
6017	73.2
6104	73
6193	72.9
6283	72.7
6375	72.5
6467	72.4
6561	72.1
6657	72
6754	71.9
6852	71.8
6952	71.8
7053	71.9
7155	71.9
7259	72
7365	72
7472	72
7581	72.1
7691	72.1
7803	72.2
7916	72.2
8032	72.1
8148	72.1
8267	72
8387	71.8
8509	71.5
8633	71.3
8758	71.1
8886	71
9015	70.8
9146	70.6
9279	70.3
9414	70
9551	69.7
9690	69.6
9831	69.5
9974	69.2
10119	69.2
10266	69.1
10416	69.1
10567	69.1
10721	69
10877	68.9
11035	68.8
11196	68.7
11358	68.6
11524	68.5
11691	68.3
11861	68.2
12034	68.1
12209	68
12386	67.9
12567	67.8
12749	67.7
12935	67.6
13123	67.5
13314	67.4
13507	67.3
13704	67.3
13903	67.2
14105	67.1
14311	67.1
14519	67
14730	67
14944	67
15162	67.1
15382	67.5
15606	68.1
15833	68.7
16063	69.3
16297	69.4
16534	69
16774	68.3
17018	67.4
17266	66.7
17517	66
17772	65.6
18030	65.2
18293	64.8
18559	64.4
18829	63.9
19102	63.4
19380	62.7
20000	62.3
overall dB	96.2 dB
decay	Average
averaging	1/12 Octave
source	Headset Microphone 1 Low Range
latitude	0
longitude	0
saved	2024/04/02 14:24
peak	19.0Hz
