FFT	AudioTools 	v17.9 (4) iPad battery  98%	2024/06/06 13:35	Headset Microphone 1 Low Range	EB05A3E2-10AC-49FE-A287-06AC06EBE5AD
Frequency	dB	Unweighted
19.5	71.9
19.8	71.9
20.1	72
20.3	72
20.6	72.1
20.9	72.2
21.2	72.2
21.6	72.3
21.9	72.4
22.2	72.4
22.5	72.5
22.8	72.5
23.2	72.4
23.5	72.4
23.8	72.4
24.2	72.4
24.5	72.4
24.9	72.5
25.3	72.5
25.6	72.6
26	72.6
26.4	72.6
26.8	72.6
27.2	72.6
27.5	72.5
28	72.5
28.4	72.5
28.8	72.5
29.2	72.5
29.6	72.6
30	72.6
30.5	72.7
30.9	72.7
31.4	72.8
31.8	72.8
32.3	72.8
32.8	72.8
33.2	72.8
33.7	72.8
34.2	72.8
34.7	72.7
35.2	72.6
35.7	72.6
36.2	72.5
36.8	72.4
37.3	72.4
37.9	72.4
38.4	72.5
39	72.6
39.5	72.6
40.1	72.6
40.7	72.5
41.3	72.5
41.9	72.5
42.5	72.6
43.1	72.7
43.7	72.7
44.4	72.7
45	72.7
45.7	72.5
46.3	72.3
47	72.1
47.7	71.9
48.4	71.7
49.1	71.6
49.8	71.6
50.5	71.6
51.3	71.6
52	71.6
52.8	71.6
53.5	71.6
54.3	71.5
55.1	71.4
55.9	71.3
56.7	71.3
57.5	71.4
58.4	71.4
59.2	71.6
60.1	71.7
61	71.8
61.8	71.9
62.7	71.9
63.7	71.8
64.6	71.8
65.5	71.9
66.5	71.9
67.4	71.9
68.4	71.9
69.4	71.9
70.4	71.8
71.5	71.8
72.5	71.6
73.5	71.5
74.6	71.5
75.7	71.4
76.8	71.3
77.9	71.2
79.1	71.2
80.2	71.1
81.4	70.9
82.6	70.8
83.8	70.6
85	70.5
86.2	70.4
87.5	70.4
88.7	70.3
90	70
91.3	70
92.7	70
94	70
95.4	69.9
96.8	69.9
98.2	69.9
99.6	69.8
101	69.7
103	69.6
104	69.5
106	69.3
107	69.2
109	69.2
110	69.1
112	69.1
113	69.1
115	69.1
117	69
118	69
120	69.1
122	69
124	68.8
125	68.4
127	68.2
129	68.3
131	68.3
133	68.2
135	68.2
137	68.2
139	68.3
141	68.4
143	68.5
145	68.5
147	68.5
149	68.5
151	68.7
154	68.7
156	68.5
158	68.4
160	68.2
163	68
165	67.7
168	67.5
170	67.3
172	67.3
175	67.2
177	67.1
180	66.9
183	66.8
185	66.8
188	66.7
191	66.5
194	66.4
196	66.5
199	66.5
202	66.3
205	66.1
208	66
211	65.9
214	66
217	65.9
220	65.6
224	65.5
227	65.4
230	65.2
234	65.3
237	65.4
240	65.3
244	65.3
247	65.4
251	65.6
255	65.6
258	65.5
262	65.5
266	65.5
270	65.5
274	65.3
278	65.1
282	65.1
286	65.1
290	65.1
294	65
298	65
303	65.1
307	65.2
312	65.2
316	65.1
321	65
325	65
330	65
335	64.9
340	64.8
345	64.6
350	64.7
355	64.7
360	64.6
365	64.7
371	64.8
376	64.8
382	64.7
387	64.7
393	64.6
398	64.5
404	64.7
410	64.7
416	64.7
422	64.6
428	64.5
434	64.6
441	64.4
447	64.3
454	64.4
460	64.5
467	64.4
474	64.3
481	64.2
488	64.3
495	64.2
502	64.3
509	64.4
517	64.5
524	64.5
532	64.3
540	64.3
547	64.4
555	64.4
563	64.5
572	64.5
580	64.3
588	64.3
597	64.3
606	64.3
614	64.2
623	64.2
632	64.2
642	64.2
651	64.1
660	64
670	64.1
680	64.2
690	64.2
700	64.2
710	64.1
720	64.1
731	64.2
741	64.3
752	64.3
763	64.2
774	64.2
785	64.3
797	64.3
808	64.2
820	64.2
832	64.3
844	64.4
856	64.5
869	64.5
882	64.4
894	64.5
907	64.7
921	64.8
934	64.9
948	65
961	65.1
975	65.1
990	65
1004	65
1019	65.1
1033	65.4
1048	65.5
1064	65.6
1079	65.8
1095	66
1111	66.1
1127	66.3
1143	66.4
1160	66.5
1177	66.9
1194	67.1
1211	67.2
1229	67.3
1247	67.4
1265	67.5
1283	67.6
1302	67.8
1321	67.8
1340	67.9
1360	67.9
1379	68.1
1399	68.3
1420	68.4
1440	68.5
1461	68.5
1483	68.6
1504	68.6
1526	68.8
1548	68.9
1571	68.9
1594	69
1617	69
1640	69
1664	69
1688	69
1713	69.1
1738	69.1
1763	69.2
1789	69.2
1815	69.1
1841	69.1
1868	69.1
1895	69
1923	69
1951	68.9
1979	68.8
2008	68.8
2037	68.8
2067	68.8
2097	68.7
2127	68.7
2158	68.7
2190	68.6
2221	68.6
2254	68.6
2287	68.6
2320	68.7
2354	68.8
2388	68.8
2423	68.9
2458	69
2494	69.1
2530	69.2
2567	69.2
2604	69.3
2642	69.3
2680	69.3
2719	69.3
2759	69.3
2799	69.3
2840	69.2
2881	69.3
2923	69.3
2965	69.3
3008	69.2
3052	69.2
3097	69.1
3142	69
3187	69
3234	69
3281	69.2
3328	69.3
3377	69.3
3426	69.5
3476	69.6
3526	69.7
3578	69.7
3630	69.9
3682	70.1
3736	70.2
3790	70.4
3846	70.5
3901	70.6
3958	70.6
4016	70.7
4074	70.5
4133	70.3
4194	70.1
4255	69.6
4316	69.2
4379	68.8
4443	68.4
4508	68.1
4573	67.9
4640	67.7
4707	67.4
4776	67.3
4845	67.2
4916	67
4987	66.7
5060	66.6
5133	66.4
5208	66.2
5284	66.1
5360	65.9
5438	65.8
5518	65.7
5598	65.7
5679	65.8
5762	65.8
5846	66
5931	66.1
6017	66.3
6104	66.5
6193	66.7
6283	66.9
6375	67.2
6467	67.3
6561	67.3
6657	67.1
6754	66.8
6852	66.4
6952	65.9
7053	65.5
7155	65.1
7259	64.8
7365	64.5
7472	64.4
7581	64.2
7691	64.2
7803	64.3
7916	64.3
8032	64.5
8148	64.7
8267	64.9
8387	65.2
8509	65.5
8633	65.7
8758	65.9
8886	66
9015	66
9146	66.1
9279	66.1
9414	66.1
9551	66
9690	65.9
9831	65.9
9974	65.8
10119	65.9
10266	66
10416	66.3
10567	66.6
10721	66.9
10877	67.1
11035	67.1
11196	67.1
11358	66.9
11524	66.7
11691	66.5
11861	66.4
12034	66.3
12209	66.2
12386	66
12567	65.6
12749	65.1
12935	64.5
13123	63.8
13314	63.2
13507	62.6
13704	62
13903	61.6
14105	61
14311	60.5
14519	59.9
14730	59.5
14944	59
15162	58.7
15382	58.3
15606	57.9
15833	57.5
16063	56.9
16297	56.2
16534	55.5
16774	54.8
17018	54.3
17266	53.9
17517	53.5
17772	53.2
18030	52.9
18293	52.5
18559	52.2
18829	51.9
19102	51.5
19380	51.1
20000	50.8
overall dB	92.9 dB
decay	Average
averaging	1/12 Octave
source	Headset Microphone 1 Low Range
latitude	0
longitude	0
saved	2024/06/06 13:35
peak	16.1Hz
