FFT	AudioTools 	v17.2 (94) iPad battery 100%	2024/01/20 13:13	Headset Microphone 1 Low Range	EB05A3E2-10AC-49FE-A287-06AC06EBE5AD
Frequency	dB	Unweighted
19.5	70.2
19.8	70.2
20.1	70.3
20.3	70.3
20.6	70.4
20.9	70.5
21.2	70.6
21.6	70.7
21.9	70.8
22.2	70.8
22.5	70.9
22.8	70.9
23.2	71
23.5	71
23.8	71
24.2	71
24.5	71
24.9	71
25.3	71.1
25.6	71.2
26	71.2
26.4	71.3
26.8	71.3
27.2	71.3
27.5	71.3
28	71.3
28.4	71.3
28.8	71.3
29.2	71.4
29.6	71.5
30	71.6
30.5	71.7
30.9	71.8
31.4	71.8
31.8	71.8
32.3	71.8
32.8	71.7
33.2	71.7
33.7	71.7
34.2	71.7
34.7	71.8
35.2	71.9
35.7	71.9
36.2	71.9
36.8	71.9
37.3	71.9
37.9	71.9
38.4	72
39	72
39.5	72
40.1	72
40.7	72
41.3	71.9
41.9	72
42.5	72
43.1	72.2
43.7	72.3
44.4	72.4
45	72.4
45.7	72.4
46.3	72.4
47	72.3
47.7	72.4
48.4	72.4
49.1	72.4
49.8	72.4
50.5	72.3
51.3	72.3
52	72.2
52.8	72.2
53.5	72.2
54.3	72.2
55.1	72
55.9	72
56.7	71.9
57.5	72
58.4	72.1
59.2	72.3
60.1	72.4
61	72.4
61.8	72.4
62.7	72.3
63.7	72.2
64.6	72.2
65.5	72.2
66.5	72.3
67.4	72.4
68.4	72.6
69.4	72.6
70.4	72.6
71.5	72.5
72.5	72.3
73.5	72.1
74.6	71.9
75.7	71.9
76.8	72
77.9	72.1
79.1	72.1
80.2	72.1
81.4	72
82.6	72
83.8	71.8
85	71.8
86.2	71.8
87.5	71.9
88.7	71.9
90	71.7
91.3	71.6
92.7	71.7
94	71.8
95.4	71.8
96.8	71.9
98.2	72
99.6	72
101	71.9
103	71.8
104	71.8
106	71.9
107	72
109	71.9
110	71.8
112	71.7
113	71.5
115	71.4
117	71.4
118	71.5
120	71.7
122	71.6
124	71.4
125	71.2
127	71.1
129	71.1
131	71
133	70.9
135	70.8
137	70.8
139	70.9
141	71
143	71.1
145	71.1
147	71
149	71
151	71.2
154	71.1
156	70.9
158	70.7
160	70.6
163	70.6
165	70.4
168	70.2
170	70.1
172	70
175	70.1
177	70.1
180	70.1
183	70.1
185	70.1
188	70.2
191	70.2
194	70.1
196	70
199	70.1
202	70.1
205	69.9
208	69.9
211	70.2
214	70.3
217	70
220	69.7
224	69.6
227	69.4
230	69.3
234	69.5
237	69.6
240	69.5
244	69.5
247	69.6
251	69.7
255	69.7
258	69.5
262	69.5
266	69.3
270	69.2
274	69
278	68.7
282	68.6
286	68.5
290	68.5
294	68.6
298	68.4
303	68.3
307	68.3
312	68.3
316	68.2
321	68
325	67.8
330	67.7
335	67.7
340	67.7
345	67.7
350	67.7
355	67.6
360	67.5
365	67.5
371	67.5
376	67.5
382	67.5
387	67.5
393	67.3
398	67.1
404	67.1
410	67.1
416	67.1
422	67.1
428	67.1
434	67.1
441	66.9
447	66.8
454	66.7
460	66.6
467	66.5
474	66.2
481	66.1
488	66.3
495	66.4
502	66.4
509	66.6
517	66.7
524	66.6
532	66.3
540	66.1
547	66.3
555	66.2
563	66.2
572	66.2
580	66.2
588	66.2
597	66.1
606	66
614	65.8
623	65.9
632	66
642	66.1
651	65.9
660	65.7
670	65.8
680	65.7
690	65.8
700	66.1
710	66.1
720	66.1
731	66
741	66
752	65.9
763	65.9
774	65.8
785	65.9
797	66
808	66
820	66
832	66.1
844	66.2
856	66.1
869	65.9
882	65.8
894	65.9
907	66.3
921	66.6
934	66.6
948	66.5
961	66.4
975	66.3
990	66.3
1004	66.4
1019	66.5
1033	66.8
1048	67
1064	67.2
1079	67.4
1095	67.4
1111	67.4
1127	67.4
1143	67.5
1160	67.5
1177	68
1194	68.3
1211	68.3
1229	68.4
1247	68.5
1265	68.6
1283	68.8
1302	68.9
1321	69
1340	69.1
1360	69.3
1379	69.6
1399	69.9
1420	70.1
1440	70.2
1461	70.4
1483	70.6
1504	70.8
1526	70.9
1548	71
1571	71.2
1594	71.4
1617	71.5
1640	71.7
1664	71.8
1688	72
1713	72.1
1738	72.2
1763	72.5
1789	72.7
1815	73
1841	73.1
1868	73.3
1895	73.4
1923	73.6
1951	73.8
1979	73.9
2008	73.9
2037	73.9
2067	74.1
2097	74.2
2127	74.3
2158	74.4
2190	74.4
2221	74.4
2254	74.5
2287	74.6
2320	74.6
2354	74.7
2388	74.6
2423	74.7
2458	74.8
2494	74.7
2530	74.6
2567	74.7
2604	74.6
2642	74.6
2680	74.4
2719	74.2
2759	73.9
2799	73.7
2840	73.6
2881	73.4
2923	73.3
2965	73.2
3008	73.1
3052	73
3097	73
3142	72.9
3187	72.8
3234	72.9
3281	72.9
3328	72.9
3377	72.9
3426	72.9
3476	72.9
3526	72.9
3578	72.8
3630	72.9
3682	72.9
3736	72.9
3790	73
3846	73.2
3901	73.2
3958	73.3
4016	73.5
4074	73.5
4133	73.5
4194	73.7
4255	73.9
4316	74.1
4379	74.3
4443	74.5
4508	74.6
4573	74.8
4640	74.9
4707	74.9
4776	74.9
4845	74.8
4916	74.7
4987	74.6
5060	74.4
5133	74.2
5208	74
5284	73.8
5360	73.5
5438	73.2
5518	72.9
5598	72.6
5679	72.4
5762	72.2
5846	72.2
5931	72.2
6017	72.3
6104	72.4
6193	72.7
6283	72.8
6375	72.9
6467	72.9
6561	72.9
6657	72.9
6754	73.1
6852	73.1
6952	73.2
7053	73.4
7155	73.7
7259	74
7365	74.4
7472	74.8
7581	75.2
7691	75.5
7803	75.5
7916	75.3
8032	75
8148	74.5
8267	73.9
8387	73.3
8509	72.7
8633	72.1
8758	71.7
8886	71.3
9015	71
9146	70.8
9279	70.6
9414	70.5
9551	70.3
9690	70.2
9831	70.2
9974	70.3
10119	70.4
10266	70.4
10416	70.3
10567	70.2
10721	70
10877	69.8
11035	69.7
11196	69.6
11358	69.6
11524	69.6
11691	69.5
11861	69.6
12034	69.6
12209	69.6
12386	69.7
12567	69.9
12749	70.1
12935	70.2
13123	70.3
13314	70.3
13507	70.2
13704	70.1
13903	70
14105	69.8
14311	69.7
14519	69.6
14730	69.5
14944	69.6
15162	69.7
15382	69.9
15606	70
15833	70
16063	69.8
16297	69.5
16534	69.2
16774	68.8
17018	68.6
17266	68.3
17517	67.7
17772	66.9
18030	66.4
18293	65.8
18559	65.3
18829	64.7
19102	64
19380	63.3
20000	62.9
overall dB	96.4 dB
decay	Average
averaging	1/12 Octave
source	Headset Microphone 1 Low Range
latitude	0
longitude	0
saved	2024/01/20 13:13
peak	16.1Hz
