FFT	AudioTools 	v17.9 (4) iPad battery 100%	2024/06/22 16:41	Headset Microphone 1 Low Range	EB05A3E2-10AC-49FE-A287-06AC06EBE5AD
Frequency	dB	Unweighted
19.5	73.5
19.8	73.6
20.1	73.7
20.3	73.8
20.6	73.9
20.9	74
21.2	74.1
21.6	74.2
21.9	74.2
22.2	74.2
22.5	74.2
22.8	74.1
23.2	74
23.5	73.9
23.8	73.8
24.2	73.7
24.5	73.6
24.9	73.6
25.3	73.5
25.6	73.5
26	73.5
26.4	73.5
26.8	73.5
27.2	73.5
27.5	73.5
28	73.6
28.4	73.6
28.8	73.7
29.2	73.7
29.6	73.8
30	73.9
30.5	73.9
30.9	74
31.4	74
31.8	74
32.3	73.9
32.8	73.9
33.2	73.8
33.7	73.7
34.2	73.5
34.7	73.3
35.2	73.2
35.7	73.1
36.2	73.1
36.8	73.1
37.3	73.2
37.9	73.3
38.4	73.4
39	73.4
39.5	73.4
40.1	73.3
40.7	73.2
41.3	73.1
41.9	73
42.5	73
43.1	73.1
43.7	73.3
44.4	73.3
45	73.2
45.7	73
46.3	72.6
47	72.2
47.7	71.9
48.4	71.7
49.1	71.6
49.8	71.6
50.5	71.6
51.3	71.6
52	71.4
52.8	71.4
53.5	71.4
54.3	71.4
55.1	71.3
55.9	71.2
56.7	71.2
57.5	71.2
58.4	71.3
59.2	71.4
60.1	71.5
61	71.5
61.8	71.5
62.7	71.3
63.7	71.1
64.6	71
65.5	70.9
66.5	70.7
67.4	70.5
68.4	70.6
69.4	70.6
70.4	70.6
71.5	70.3
72.5	70.1
73.5	69.9
74.6	69.7
75.7	69.5
76.8	69.4
77.9	69.2
79.1	69
80.2	68.8
81.4	68.6
82.6	68.4
83.8	68.2
85	68.1
86.2	68.1
87.5	68.2
88.7	68.1
90	67.9
91.3	67.9
92.7	67.9
94	67.8
95.4	67.6
96.8	67.5
98.2	67.2
99.6	66.9
101	66.8
103	66.6
104	66.3
106	66.2
107	66.2
109	66.1
110	66.1
112	66
113	66.1
115	66.1
117	66
118	65.9
120	65.9
122	66
124	65.7
125	65.4
127	65.2
129	65.1
131	64.8
133	64.5
135	64.2
137	64.2
139	64.1
141	63.9
143	63.9
145	64
147	64
149	63.9
151	63.9
154	63.7
156	63.4
158	63.3
160	63.1
163	63
165	62.9
168	62.7
170	62.5
172	62.6
175	62.4
177	62.3
180	62.5
183	62.8
185	62.9
188	62.6
191	62.4
194	62.3
196	62.4
199	62.3
202	62.1
205	62
208	62.1
211	62.3
214	62.3
217	62.3
220	62.4
224	62.3
227	61.9
230	61.8
234	61.9
237	61.9
240	62
244	61.9
247	61.8
251	61.8
255	61.7
258	61.6
262	61.7
266	61.9
270	61.8
274	61.6
278	61.4
282	61.5
286	61.5
290	61.5
294	61.5
298	61.5
303	61.8
307	62
312	61.9
316	61.7
321	61.7
325	61.8
330	61.7
335	61.7
340	61.7
345	61.8
350	61.9
355	61.8
360	61.6
365	61.7
371	61.8
376	61.8
382	61.8
387	61.8
393	61.7
398	61.7
404	61.9
410	61.9
416	62
422	62.1
428	62.1
434	62.2
441	62.2
447	62.1
454	62.1
460	62.2
467	62.1
474	62
481	62
488	62.2
495	62.2
502	62.1
509	62.2
517	62.5
524	62.4
532	62.3
540	62.3
547	62.4
555	62.7
563	62.8
572	62.8
580	62.6
588	62.6
597	62.6
606	62.5
614	62.4
623	62.3
632	62.3
642	62.3
651	62.2
660	62.3
670	62.2
680	62.2
690	62.2
700	62.2
710	62.3
720	62.4
731	62.5
741	62.5
752	62.5
763	62.4
774	62.3
785	62.5
797	62.5
808	62.5
820	62.4
832	62.5
844	62.5
856	62.5
869	62.5
882	62.3
894	62.3
907	62.4
921	62.4
934	62.4
948	62.4
961	62.4
975	62.4
990	62.4
1004	62.4
1019	62.5
1033	62.7
1048	62.8
1064	62.9
1079	63
1095	63.2
1111	63.1
1127	63.2
1143	63.3
1160	63.5
1177	63.9
1194	64.1
1211	64.2
1229	64.3
1247	64.4
1265	64.4
1283	64.5
1302	64.7
1321	64.8
1340	64.8
1360	65
1379	65.1
1399	65.3
1420	65.6
1440	65.6
1461	65.8
1483	65.9
1504	66
1526	66.1
1548	66
1571	66.1
1594	66.1
1617	66.1
1640	66.1
1664	66
1688	66
1713	66.1
1738	66.3
1763	66.4
1789	66.5
1815	66.7
1841	66.8
1868	66.8
1895	67
1923	67.1
1951	67.2
1979	67.3
2008	67.4
2037	67.5
2067	67.6
2097	67.7
2127	67.8
2158	67.9
2190	67.9
2221	68
2254	68.2
2287	68.4
2320	68.5
2354	68.6
2388	68.7
2423	68.8
2458	69
2494	69.2
2530	69.3
2567	69.5
2604	69.6
2642	69.7
2680	69.9
2719	70
2759	70.1
2799	70.3
2840	70.4
2881	70.4
2923	70.7
2965	70.9
3008	71
3052	71.2
3097	71.2
3142	71.2
3187	71.2
3234	71.1
3281	71.2
3328	71.3
3377	71.3
3426	71.3
3476	71.3
3526	71.2
3578	71.2
3630	71.2
3682	71.2
3736	71
3790	70.9
3846	70.8
3901	70.7
3958	70.7
4016	70.5
4074	70.3
4133	70.1
4194	70
4255	69.8
4316	69.7
4379	69.6
4443	69.4
4508	69.3
4573	69.2
4640	69.1
4707	68.9
4776	68.8
4845	68.7
4916	68.6
4987	68.5
5060	68.3
5133	68.3
5208	68.1
5284	68
5360	67.9
5438	67.8
5518	67.7
5598	67.6
5679	67.5
5762	67.5
5846	67.4
5931	67.3
6017	67.3
6104	67.4
6193	67.3
6283	67.3
6375	67.4
6467	67.5
6561	67.7
6657	67.8
6754	68
6852	68.1
6952	68.2
7053	68.3
7155	68.4
7259	68.5
7365	68.6
7472	68.8
7581	69
7691	69.4
7803	69.8
7916	70.1
8032	70.2
8148	70.2
8267	70
8387	69.5
8509	68.9
8633	68.2
8758	67.5
8886	66.7
9015	66.1
9146	65.6
9279	65.1
9414	64.6
9551	64.3
9690	64
9831	63.8
9974	63.4
10119	63.3
10266	63.1
10416	63.1
10567	63.1
10721	63
10877	63
11035	62.9
11196	62.8
11358	62.7
11524	62.6
11691	62.6
11861	62.5
12034	62.5
12209	62.5
12386	62.5
12567	62.6
12749	62.8
12935	63
13123	63.5
13314	64.1
13507	64.8
13704	65.3
13903	65.5
14105	65.4
14311	65
14519	64.4
14730	63.7
14944	63.1
15162	62.6
15382	61.9
15606	61.7
15833	61.5
16063	61.3
16297	61.1
16534	60.8
16774	60.5
17018	60.1
17266	59.7
17517	59.3
17772	58.9
18030	58.5
18293	58
18559	57.6
18829	57.1
19102	56.5
19380	55.9
20000	55.5
overall dB	86.2 dB
decay	Average
averaging	1/12 Octave
source	Headset Microphone 1 Low Range
latitude	0
longitude	0
saved	2024/06/22 16:41
peak	16.1Hz
