FFT	AudioTools 	v17.10 (4) iPad battery  51%	2024/07/23 17:05	Headset Microphone 1 Low Range	EB05A3E2-10AC-49FE-A287-06AC06EBE5AD
Frequency	dB	Unweighted
19.5	72.9
19.8	72.9
20.1	72.9
20.3	73
20.6	73
20.9	73.1
21.2	73.2
21.6	73.2
21.9	73.3
22.2	73.3
22.5	73.3
22.8	73.3
23.2	73.3
23.5	73.2
23.8	73.2
24.2	73.1
24.5	73.1
24.9	73
25.3	72.9
25.6	72.9
26	72.9
26.4	72.9
26.8	73
27.2	73
27.5	73
28	73
28.4	73
28.8	73
29.2	73
29.6	73
30	73.1
30.5	73.1
30.9	73.1
31.4	73.1
31.8	73
32.3	73
32.8	72.9
33.2	72.9
33.7	72.8
34.2	72.7
34.7	72.6
35.2	72.5
35.7	72.4
36.2	72.3
36.8	72.2
37.3	72.3
37.9	72.3
38.4	72.5
39	72.6
39.5	72.7
40.1	72.7
40.7	72.6
41.3	72.6
41.9	72.5
42.5	72.5
43.1	72.6
43.7	72.6
44.4	72.6
45	72.4
45.7	72.2
46.3	71.9
47	71.6
47.7	71.5
48.4	71.4
49.1	71.4
49.8	71.4
50.5	71.3
51.3	71.2
52	71.1
52.8	70.9
53.5	70.9
54.3	70.8
55.1	70.8
55.9	70.7
56.7	70.7
57.5	70.6
58.4	70.6
59.2	70.5
60.1	70.4
61	70.4
61.8	70.3
62.7	70.2
63.7	70.1
64.6	70
65.5	70
66.5	69.9
67.4	69.9
68.4	69.9
69.4	69.9
70.4	69.8
71.5	69.6
72.5	69.5
73.5	69.3
74.6	69.2
75.7	69.1
76.8	69.1
77.9	69.1
79.1	69.1
80.2	69.1
81.4	69.1
82.6	69
83.8	68.7
85	68.3
86.2	68
87.5	67.8
88.7	67.7
90	67.6
91.3	67.5
92.7	67.4
94	67.3
95.4	67.2
96.8	67.2
98.2	67.1
99.6	66.9
101	66.9
103	66.7
104	66.5
106	66.4
107	66.4
109	66.2
110	66.1
112	66
113	66
115	65.9
117	65.8
118	65.6
120	65.6
122	65.6
124	65.5
125	65.2
127	65
129	65
131	64.9
133	64.8
135	64.6
137	64.5
139	64.5
141	64.4
143	64.4
145	64.4
147	64.4
149	64.3
151	64.3
154	64.4
156	64.3
158	64
160	63.7
163	63.6
165	63.5
168	63.3
170	63.2
172	63.4
175	63.4
177	63.3
180	63.2
183	63.2
185	63.2
188	63.1
191	63
194	62.9
196	62.8
199	62.7
202	62.6
205	62.4
208	62.3
211	62.3
214	62.2
217	62.1
220	62.1
224	62
227	61.8
230	61.7
234	61.7
237	61.7
240	61.7
244	61.5
247	61.5
251	61.4
255	61.3
258	61.4
262	61.5
266	61.4
270	61.3
274	61.2
278	61
282	60.9
286	61
290	61
294	61.1
298	61.1
303	61.2
307	61.1
312	61
316	60.9
321	61
325	61
330	60.9
335	60.9
340	60.7
345	60.6
350	60.6
355	60.6
360	60.5
365	60.5
371	60.5
376	60.8
382	60.8
387	60.8
393	60.7
398	60.7
404	60.8
410	60.9
416	60.9
422	60.9
428	60.9
434	60.9
441	60.9
447	60.9
454	60.9
460	60.9
467	60.9
474	60.9
481	60.9
488	61
495	61.1
502	61.2
509	61.3
517	61.3
524	61.3
532	61.3
540	61.3
547	61.4
555	61.6
563	61.8
572	61.8
580	61.7
588	61.7
597	61.6
606	61.5
614	61.4
623	61.4
632	61.4
642	61.4
651	61.5
660	61.6
670	61.7
680	61.7
690	61.6
700	61.6
710	61.5
720	61.5
731	61.6
741	61.6
752	61.6
763	61.5
774	61.6
785	61.8
797	61.8
808	61.6
820	61.6
832	61.6
844	61.6
856	61.6
869	61.5
882	61.4
894	61.4
907	61.4
921	61.5
934	61.5
948	61.5
961	61.5
975	61.5
990	61.4
1004	61.5
1019	61.7
1033	61.8
1048	61.9
1064	62
1079	62.1
1095	62.2
1111	62.1
1127	62.2
1143	62.3
1160	62.5
1177	62.7
1194	62.9
1211	63
1229	63.1
1247	63.2
1265	63.3
1283	63.4
1302	63.5
1321	63.6
1340	63.7
1360	63.9
1379	64
1399	64.2
1420	64.4
1440	64.5
1461	64.7
1483	64.7
1504	64.9
1526	65
1548	65
1571	65.1
1594	65.2
1617	65.2
1640	65.1
1664	65.1
1688	65.1
1713	65.1
1738	65.3
1763	65.5
1789	65.6
1815	65.8
1841	65.9
1868	66
1895	66.2
1923	66.2
1951	66.3
1979	66.3
2008	66.4
2037	66.5
2067	66.6
2097	66.7
2127	66.8
2158	67
2190	67.1
2221	67.2
2254	67.3
2287	67.5
2320	67.6
2354	67.8
2388	67.9
2423	68.1
2458	68.3
2494	68.4
2530	68.6
2567	68.8
2604	69
2642	69.2
2680	69.3
2719	69.4
2759	69.5
2799	69.6
2840	69.7
2881	69.8
2923	70
2965	70.2
3008	70.3
3052	70.4
3097	70.4
3142	70.5
3187	70.5
3234	70.4
3281	70.5
3328	70.6
3377	70.6
3426	70.6
3476	70.5
3526	70.5
3578	70.4
3630	70.5
3682	70.4
3736	70.2
3790	70.1
3846	70
3901	69.8
3958	69.6
4016	69.5
4074	69.2
4133	69
4194	68.9
4255	68.7
4316	68.5
4379	68.4
4443	68.2
4508	68
4573	67.9
4640	67.7
4707	67.5
4776	67.3
4845	67.2
4916	67.1
4987	66.9
5060	66.7
5133	66.6
5208	66.4
5284	66.3
5360	66.2
5438	66.1
5518	65.9
5598	65.8
5679	65.7
5762	65.6
5846	65.5
5931	65.4
6017	65.3
6104	65.3
6193	65.3
6283	65.3
6375	65.3
6467	65.3
6561	65.4
6657	65.5
6754	65.5
6852	65.7
6952	65.8
7053	65.9
7155	66
7259	66
7365	66.1
7472	66.2
7581	66.3
7691	66.6
7803	66.9
7916	67.1
8032	67.4
8148	67.6
8267	67.8
8387	67.8
8509	67.7
8633	67.4
8758	66.9
8886	66.3
9015	65.6
9146	65
9279	64.4
9414	63.9
9551	63.4
9690	63.1
9831	62.8
9974	62.4
10119	62.2
10266	62.1
10416	62
10567	62
10721	62
10877	62.1
11035	62.1
11196	62.2
11358	62.5
11524	63.1
11691	64.1
11861	64.7
12034	64.7
12209	64.3
12386	64
12567	63.8
12749	63.7
12935	63.7
13123	63.7
13314	63.6
13507	63.4
13704	63.1
13903	62.6
14105	62.1
14311	61.5
14519	61
14730	60.6
14944	60.2
15162	60
15382	59.8
15606	59.7
15833	59.7
16063	59.7
16297	59.7
16534	59.6
16774	59.4
17018	59
17266	58.6
17517	58.1
17772	57.7
18030	57.2
18293	56.8
18559	56.3
18829	55.8
19102	55.3
19380	54.7
20000	54.2
overall dB	93.6 dB
decay	Average
averaging	1/12 Octave
source	Headset Microphone 1 Low Range
latitude	0
longitude	0
saved	2024/07/23 17:05
peak	13.2Hz
