FFT	AudioTools 	v17.2 (94) iPad battery 100%	2024/01/13 20:36	Headset Microphone 1 Low Range	EB05A3E2-10AC-49FE-A287-06AC06EBE5AD
Frequency	dB	Unweighted
19.5	74.1
19.8	74.2
20.1	74.3
20.3	74.4
20.6	74.5
20.9	74.6
21.2	74.7
21.6	74.8
21.9	74.9
22.2	75
22.5	75
22.8	74.9
23.2	74.9
23.5	74.8
23.8	74.8
24.2	74.7
24.5	74.7
24.9	74.7
25.3	74.8
25.6	74.8
26	74.9
26.4	74.9
26.8	74.9
27.2	74.9
27.5	74.8
28	74.8
28.4	74.8
28.8	74.8
29.2	74.8
29.6	74.9
30	75
30.5	75
30.9	75.1
31.4	75
31.8	75
32.3	74.9
32.8	74.8
33.2	74.7
33.7	74.6
34.2	74.5
34.7	74.4
35.2	74.3
35.7	74.2
36.2	74.2
36.8	74.3
37.3	74.4
37.9	74.5
38.4	74.7
39	74.7
39.5	74.7
40.1	74.6
40.7	74.4
41.3	74.2
41.9	74.1
42.5	74.2
43.1	74.3
43.7	74.4
44.4	74.5
45	74.5
45.7	74.3
46.3	74
47	73.7
47.7	73.5
48.4	73.4
49.1	73.4
49.8	73.4
50.5	73.4
51.3	73.3
52	73.2
52.8	73.1
53.5	73.1
54.3	73.1
55.1	73.1
55.9	73
56.7	72.9
57.5	72.8
58.4	72.8
59.2	72.8
60.1	72.9
61	73
61.8	73
62.7	72.7
63.7	72.5
64.6	72.3
65.5	72.2
66.5	72.1
67.4	72.1
68.4	72.2
69.4	72.2
70.4	72.1
71.5	71.8
72.5	71.4
73.5	71.1
74.6	70.9
75.7	70.8
76.8	70.8
77.9	70.8
79.1	70.8
80.2	70.6
81.4	70.5
82.6	70.3
83.8	69.9
85	69.5
86.2	69.4
87.5	69.4
88.7	69.5
90	69.2
91.3	69.1
92.7	69
94	68.8
95.4	68.7
96.8	68.7
98.2	68.5
99.6	68.1
101	67.8
103	67.7
104	67.7
106	67.8
107	67.8
109	67.8
110	67.7
112	67.6
113	67.4
115	67.2
117	66.9
118	66.7
120	66.8
122	67
124	66.6
125	65.9
127	65.5
129	65.1
131	64.8
133	64.7
135	64.5
137	64.4
139	64.1
141	63.9
143	63.7
145	63.6
147	63.6
149	63.8
151	64.1
154	64.1
156	63.7
158	63.5
160	63.4
163	63.4
165	63.2
168	62.6
170	62.1
172	62
175	62
177	61.8
180	61.9
183	62.1
185	62.1
188	61.8
191	61.5
194	61.4
196	61.6
199	61.5
202	61.3
205	61.2
208	61.1
211	61.2
214	61.1
217	61.1
220	61.2
224	61.1
227	60.6
230	60.4
234	60.4
237	60.3
240	60.1
244	59.8
247	59.6
251	59.8
255	59.9
258	59.9
262	60.2
266	60.4
270	60.2
274	59.8
278	59.7
282	59.6
286	59.6
290	59.6
294	59.9
298	60.1
303	60.2
307	60.3
312	60.2
316	60
321	60.1
325	60.2
330	60.2
335	60.3
340	60.2
345	60.3
350	60.5
355	60.6
360	60.4
365	60.3
371	60.4
376	60.7
382	60.7
387	60.8
393	60.7
398	60.8
404	60.9
410	61
416	61.2
422	61.3
428	61.5
434	61.6
441	61.5
447	61.5
454	61.5
460	61.5
467	61.4
474	61.4
481	61.4
488	61.6
495	61.7
502	61.5
509	61.6
517	62
524	62
532	61.9
540	61.9
547	62.2
555	62.5
563	62.5
572	62.4
580	62.3
588	62.4
597	62.4
606	62.3
614	62.1
623	62.1
632	62.2
642	62.1
651	62.1
660	62.2
670	62.1
680	62.1
690	62.1
700	62.3
710	62.5
720	62.6
731	62.7
741	62.7
752	62.8
763	62.7
774	62.7
785	63
797	63
808	63
820	62.9
832	62.9
844	63
856	63.1
869	63.2
882	63
894	63
907	63.2
921	63.3
934	63.2
948	63.1
961	63.2
975	63.2
990	63.2
1004	63.2
1019	63.5
1033	63.7
1048	63.8
1064	63.9
1079	64
1095	64.2
1111	64.2
1127	64.1
1143	64.2
1160	64.5
1177	64.7
1194	64.8
1211	64.8
1229	65
1247	65.1
1265	65.1
1283	65.2
1302	65.3
1321	65.3
1340	65.4
1360	65.6
1379	65.7
1399	66
1420	66.1
1440	66.2
1461	66.4
1483	66.5
1504	66.6
1526	66.8
1548	66.7
1571	66.7
1594	66.8
1617	66.9
1640	66.8
1664	66.8
1688	66.8
1713	66.9
1738	67.1
1763	67.3
1789	67.5
1815	67.7
1841	68
1868	68.1
1895	68.2
1923	68.3
1951	68.3
1979	68.5
2008	68.6
2037	68.8
2067	69
2097	69
2127	69.2
2158	69.3
2190	69.4
2221	69.5
2254	69.7
2287	69.9
2320	70.1
2354	70.3
2388	70.5
2423	70.6
2458	70.8
2494	71
2530	71.2
2567	71.4
2604	71.6
2642	71.7
2680	71.8
2719	71.9
2759	72
2799	72.2
2840	72.3
2881	72.4
2923	72.6
2965	72.7
3008	72.8
3052	72.9
3097	72.8
3142	72.8
3187	72.7
3234	72.7
3281	72.8
3328	72.9
3377	72.9
3426	72.9
3476	72.8
3526	72.9
3578	72.8
3630	72.9
3682	72.8
3736	72.7
3790	72.7
3846	72.7
3901	72.7
3958	72.7
4016	72.6
4074	72.5
4133	72.4
4194	72.4
4255	72.4
4316	72.3
4379	72.3
4443	72.1
4508	72.1
4573	72.1
4640	72
4707	71.8
4776	71.7
4845	71.6
4916	71.5
4987	71.3
5060	71.1
5133	71
5208	70.7
5284	70.6
5360	70.4
5438	70.1
5518	69.9
5598	69.6
5679	69.5
5762	69.3
5846	69.2
5931	69
6017	68.8
6104	68.8
6193	68.7
6283	68.6
6375	68.5
6467	68.6
6561	68.6
6657	68.8
6754	68.9
6852	69
6952	69.1
7053	69.3
7155	69.6
7259	70
7365	70.4
7472	70.9
7581	71.3
7691	71.5
7803	71.6
7916	71.3
8032	70.7
8148	70.2
8267	69.5
8387	68.7
8509	68.1
8633	67.4
8758	66.8
8886	66.2
9015	65.8
9146	65.5
9279	65.1
9414	64.8
9551	64.5
9690	64.3
9831	64.2
9974	63.9
10119	63.8
10266	63.7
10416	63.6
10567	63.6
10721	63.5
10877	63.4
11035	63.3
11196	63.2
11358	63.2
11524	63.1
11691	63
11861	62.9
12034	62.8
12209	62.8
12386	62.8
12567	62.9
12749	63
12935	63.2
13123	63.7
13314	64.3
13507	64.9
13704	65.2
13903	65.2
14105	64.9
14311	64.4
14519	63.9
14730	63.4
14944	63
15162	62.7
15382	62.4
15606	62.3
15833	62.1
16063	61.9
16297	61.5
16534	61
16774	60.4
17018	59.8
17266	59.3
17517	58.8
17772	58.4
18030	58
18293	57.6
18559	57.1
18829	56.6
19102	56.1
19380	55.5
20000	55.2
overall dB	95.2 dB
decay	Average
averaging	1/12 Octave
source	Headset Microphone 1 Low Range
latitude	0
longitude	0
saved	2024/01/13 20:36
peak	22.0Hz
