FFT	AudioTools 	v17.6 (3) iPad battery 100%	2024/04/24 11:08	Headset Microphone 1 Low Range	EB05A3E2-10AC-49FE-A287-06AC06EBE5AD
Frequency	dB	Unweighted
19.5	65.6
19.8	65.6
20.1	65.6
20.3	65.6
20.6	65.6
20.9	65.6
21.2	65.6
21.6	65.6
21.9	65.6
22.2	65.6
22.5	65.6
22.8	65.6
23.2	65.6
23.5	65.6
23.8	65.6
24.2	65.6
24.5	65.6
24.9	65.7
25.3	65.7
25.6	65.7
26	65.7
26.4	65.7
26.8	65.7
27.2	65.7
27.5	65.7
28	65.7
28.4	65.6
28.8	65.5
29.2	65.5
29.6	65.5
30	65.5
30.5	65.5
30.9	65.5
31.4	65.5
31.8	65.4
32.3	65.4
32.8	65.3
33.2	65.2
33.7	65.1
34.2	65
34.7	65
35.2	64.9
35.7	64.9
36.2	64.9
36.8	64.8
37.3	64.9
37.9	64.9
38.4	64.9
39	64.9
39.5	64.8
40.1	64.7
40.7	64.5
41.3	64.3
41.9	64.2
42.5	64.2
43.1	64.3
43.7	64.3
44.4	64.3
45	64.2
45.7	64.1
46.3	63.9
47	63.8
47.7	63.7
48.4	63.7
49.1	63.5
49.8	63.4
50.5	63.2
51.3	63.1
52	62.9
52.8	62.8
53.5	62.6
54.3	62.4
55.1	62.2
55.9	62.2
56.7	62.2
57.5	62.2
58.4	62.1
59.2	61.8
60.1	61.6
61	61.5
61.8	61.4
62.7	61.2
63.7	61
64.6	60.9
65.5	60.8
66.5	60.7
67.4	60.6
68.4	60.5
69.4	60.4
70.4	60.2
71.5	60.1
72.5	59.9
73.5	59.7
74.6	59.4
75.7	59.3
76.8	59.1
77.9	59
79.1	58.7
80.2	58.5
81.4	58.3
82.6	58
83.8	57.8
85	57.5
86.2	57.4
87.5	57.2
88.7	57.1
90	56.8
91.3	56.6
92.7	56.5
94	56.4
95.4	56.2
96.8	55.9
98.2	55.7
99.6	55.5
101	55.3
103	55.1
104	54.9
106	54.7
107	54.6
109	54.4
110	54.1
112	53.9
113	53.7
115	53.5
117	53.3
118	53
120	52.9
122	52.8
124	52.7
125	52.5
127	52.3
129	52.1
131	52
133	51.7
135	51.5
137	51.3
139	51.1
141	50.9
143	50.8
145	50.7
147	50.6
149	50.5
151	50.4
154	50.2
156	50.1
158	50
160	49.9
163	49.8
165	49.7
168	49.6
170	49.5
172	49.5
175	49.4
177	49.4
180	49.3
183	49.3
185	49.2
188	49.1
191	49.1
194	49.1
196	49
199	49
202	49
205	48.9
208	48.9
211	48.9
214	48.8
217	48.8
220	48.8
224	48.8
227	48.9
230	49
234	49.1
237	49.2
240	49.2
244	49.3
247	49.4
251	49.3
255	49.2
258	49.2
262	49.2
266	49.2
270	49.1
274	49.2
278	49.2
282	49.2
286	49.2
290	49.1
294	49.2
298	49.1
303	49.1
307	49
312	49
316	49
321	49.1
325	49.2
330	49.2
335	49.1
340	49
345	49
350	49.1
355	49.2
360	49.2
365	49.1
371	49.2
376	49.2
382	49.2
387	49.2
393	49.2
398	49.2
404	49.3
410	49.4
416	49.4
422	49.4
428	49.5
434	49.5
441	49.5
447	49.5
454	49.5
460	49.5
467	49.5
474	49.5
481	49.5
488	49.5
495	49.5
502	49.5
509	49.6
517	49.6
524	49.5
532	49.5
540	49.5
547	49.5
555	49.6
563	49.7
572	49.7
580	49.6
588	49.6
597	49.7
606	49.7
614	49.6
623	49.6
632	49.6
642	49.6
651	49.5
660	49.6
670	49.5
680	49.5
690	49.5
700	49.5
710	49.6
720	49.5
731	49.5
741	49.5
752	49.5
763	49.6
774	49.5
785	49.5
797	49.5
808	49.6
820	49.6
832	49.6
844	49.7
856	49.7
869	49.7
882	49.8
894	49.8
907	49.9
921	49.9
934	50
948	50.1
961	50.1
975	50.2
990	50.3
1004	50.4
1019	50.4
1033	50.6
1048	50.7
1064	50.8
1079	50.9
1095	51
1111	51.1
1127	51.3
1143	51.4
1160	51.5
1177	51.7
1194	51.9
1211	52
1229	52.1
1247	52.2
1265	52.3
1283	52.4
1302	52.4
1321	52.6
1340	52.7
1360	52.8
1379	52.9
1399	52.9
1420	53
1440	53.1
1461	53.2
1483	53.2
1504	53.3
1526	53.4
1548	53.4
1571	53.5
1594	53.5
1617	53.6
1640	53.6
1664	53.7
1688	53.8
1713	53.9
1738	54
1763	54.1
1789	54.2
1815	54.3
1841	54.4
1868	54.5
1895	54.6
1923	54.7
1951	54.9
1979	55
2008	55.2
2037	55.3
2067	55.4
2097	55.6
2127	55.7
2158	55.8
2190	56
2221	56.1
2254	56.2
2287	56.4
2320	56.6
2354	56.7
2388	56.9
2423	57
2458	57.1
2494	57.3
2530	57.5
2567	57.6
2604	57.8
2642	58
2680	58.1
2719	58.3
2759	58.5
2799	58.6
2840	58.8
2881	58.9
2923	59.1
2965	59.2
3008	59.4
3052	59.4
3097	59.5
3142	59.6
3187	59.7
3234	59.8
3281	59.9
3328	59.9
3377	59.9
3426	59.9
3476	59.9
3526	59.9
3578	59.8
3630	59.7
3682	59.6
3736	59.5
3790	59.4
3846	59.3
3901	59.2
3958	59.1
4016	58.9
4074	58.8
4133	58.7
4194	58.5
4255	58.2
4316	58.1
4379	57.9
4443	57.7
4508	57.5
4573	57.3
4640	57.1
4707	56.9
4776	56.7
4845	56.5
4916	56.3
4987	56.1
5060	55.9
5133	55.7
5208	55.4
5284	55.2
5360	55
5438	54.8
5518	54.7
5598	54.5
5679	54.3
5762	54.1
5846	54
5931	53.9
6017	53.8
6104	53.7
6193	53.6
6283	53.6
6375	53.6
6467	53.6
6561	53.7
6657	53.8
6754	53.9
6852	54.2
6952	54.4
7053	54.7
7155	55.1
7259	55.6
7365	56.1
7472	56.6
7581	57.1
7691	57.5
7803	57.9
7916	58
8032	57.9
8148	57.6
8267	57.1
8387	56.3
8509	55.4
8633	54.6
8758	53.7
8886	52.7
9015	51.7
9146	50.7
9279	49.7
9414	48.7
9551	47.7
9690	46.8
9831	46
9974	45
10119	44.4
10266	43.9
10416	43.5
10567	43.2
10721	42.9
10877	42.7
11035	42.6
11196	42.6
11358	42.6
11524	42.7
11691	43
11861	43.3
12034	43.7
12209	44.3
12386	45
12567	45.9
12749	47
12935	48.2
13123	49.5
13314	50.5
13507	51.1
13704	51.3
13903	51.1
14105	50.5
14311	49.6
14519	48.8
14730	47.9
14944	47.2
15162	46.5
15382	45.8
15606	45.4
15833	45
16063	44.6
16297	44
16534	43.3
16774	42.4
17018	41.2
17266	39.9
17517	38.3
17772	36.8
18030	35.4
18293	34.1
18559	32.9
18829	31.8
19102	30.6
19380	29.3
20000	28.3
overall dB	83.6 dB
decay	Average
averaging	1/12 Octave
source	Headset Microphone 1 Low Range
latitude	0
longitude	0
saved	2024/04/24 11:08
peak	16.1Hz
