FFT	AudioTools 	v17.10 (4) iPad battery  29%	2024/07/20 20:47	Headset Microphone 1 Low Range	EB05A3E2-10AC-49FE-A287-06AC06EBE5AD
Frequency	dB	Unweighted
19.5	74.5
19.8	74.5
20.1	74.5
20.3	74.6
20.6	74.6
20.9	74.7
21.2	74.8
21.6	74.9
21.9	75
22.2	75
22.5	75
22.8	74.9
23.2	74.8
23.5	74.7
23.8	74.5
24.2	74.4
24.5	74.4
24.9	74.3
25.3	74.3
25.6	74.4
26	74.4
26.4	74.4
26.8	74.4
27.2	74.3
27.5	74.2
28	74.1
28.4	74
28.8	74
29.2	74.1
29.6	74.1
30	74.2
30.5	74.3
30.9	74.4
31.4	74.4
31.8	74.4
32.3	74.3
32.8	74.3
33.2	74.2
33.7	74.2
34.2	74
34.7	73.9
35.2	73.7
35.7	73.6
36.2	73.5
36.8	73.6
37.3	73.6
37.9	73.7
38.4	73.8
39	73.8
39.5	73.8
40.1	73.7
40.7	73.5
41.3	73.4
41.9	73.3
42.5	73.3
43.1	73.4
43.7	73.7
44.4	73.9
45	73.9
45.7	73.7
46.3	73.3
47	72.7
47.7	72.2
48.4	71.9
49.1	71.8
49.8	71.8
50.5	71.9
51.3	71.9
52	71.8
52.8	71.6
53.5	71.6
54.3	71.7
55.1	71.7
55.9	71.6
56.7	71.4
57.5	71.3
58.4	71.3
59.2	71.3
60.1	71.4
61	71.6
61.8	71.6
62.7	71.4
63.7	71.1
64.6	70.8
65.5	70.8
66.5	70.7
67.4	70.6
68.4	70.6
69.4	70.8
70.4	70.8
71.5	70.5
72.5	70.1
73.5	69.7
74.6	69.3
75.7	69.1
76.8	69
77.9	69.1
79.1	69
80.2	68.8
81.4	68.7
82.6	68.5
83.8	68.1
85	67.9
86.2	67.9
87.5	68
88.7	68
90	67.7
91.3	67.6
92.7	67.6
94	67.4
95.4	67.4
96.8	67.5
98.2	67.4
99.6	67
101	66.8
103	66.6
104	66.3
106	66.2
107	66.2
109	66.1
110	65.9
112	65.9
113	65.9
115	66
117	65.9
118	65.7
120	65.7
122	66.1
124	66.2
125	65.7
127	65.4
129	65.2
131	65.1
133	64.9
135	64.4
137	63.9
139	64
141	63.9
143	63.7
145	63.9
147	64
149	63.7
151	63.5
154	63.7
156	63.6
158	63.3
160	63.1
163	63.1
165	62.9
168	62.6
170	62.3
172	62.6
175	62.8
177	62.5
180	62.4
183	62.7
185	63
188	62.9
191	62.6
194	62.3
196	62.4
199	62.3
202	61.9
205	61.6
208	61.6
211	61.8
214	61.9
217	61.8
220	61.9
224	61.9
227	61.5
230	61.1
234	61.1
237	61.6
240	61.8
244	61.6
247	61.3
251	61.2
255	61.1
258	61
262	61.2
266	61.5
270	61.2
274	61
278	61
282	61
286	61.1
290	61
294	61.1
298	61
303	61.1
307	61.4
312	61.3
316	61.2
321	61.3
325	61.3
330	61.1
335	60.9
340	60.9
345	60.8
350	60.7
355	60.8
360	60.7
365	60.9
371	60.8
376	60.9
382	61
387	61.2
393	61.1
398	61.1
404	61.3
410	61.3
416	61.2
422	61.2
428	61.3
434	61.4
441	61.3
447	61.4
454	61.4
460	61.6
467	61.6
474	61.4
481	61.3
488	61.5
495	61.5
502	61.6
509	61.7
517	61.9
524	61.9
532	61.7
540	61.6
547	61.7
555	62
563	62.3
572	62.4
580	62.2
588	62.2
597	62
606	61.9
614	61.8
623	61.5
632	61.6
642	61.6
651	61.6
660	61.7
670	61.8
680	61.7
690	61.5
700	61.6
710	62
720	62.1
731	62.1
741	62.2
752	62.3
763	62
774	61.8
785	62.1
797	62.2
808	61.9
820	61.9
832	61.9
844	62.1
856	62.2
869	62.3
882	62.3
894	62
907	62
921	62.1
934	62.1
948	62.3
961	62.3
975	62.2
990	62.1
1004	61.9
1019	62
1033	62.3
1048	62.5
1064	62.7
1079	62.8
1095	63
1111	63.1
1127	62.9
1143	62.9
1160	63.1
1177	63.4
1194	63.6
1211	63.8
1229	63.8
1247	63.8
1265	63.9
1283	64.1
1302	64.3
1321	64.6
1340	64.5
1360	64.7
1379	64.8
1399	64.9
1420	65.2
1440	65.3
1461	65.4
1483	65.5
1504	65.7
1526	66
1548	65.9
1571	65.8
1594	66
1617	66
1640	65.8
1664	65.7
1688	65.7
1713	65.7
1738	65.9
1763	66.1
1789	66.3
1815	66.5
1841	66.6
1868	66.7
1895	66.9
1923	67
1951	67.1
1979	67.1
2008	67.3
2037	67.4
2067	67.5
2097	67.5
2127	67.6
2158	67.7
2190	67.8
2221	67.9
2254	68.1
2287	68.4
2320	68.6
2354	68.7
2388	68.8
2423	68.7
2458	69.1
2494	69.4
2530	69.4
2567	69.6
2604	69.7
2642	69.7
2680	69.7
2719	69.9
2759	70
2799	70.2
2840	70.5
2881	70.5
2923	70.8
2965	70.9
3008	71
3052	71.1
3097	71.1
3142	71.2
3187	71.3
3234	71.2
3281	71.2
3328	71.4
3377	71.4
3426	71.4
3476	71.3
3526	71.3
3578	71.1
3630	71.2
3682	71.1
3736	71
3790	70.8
3846	70.8
3901	70.7
3958	70.4
4016	70.4
4074	70.1
4133	69.8
4194	69.7
4255	69.6
4316	69.4
4379	69.3
4443	69.1
4508	69
4573	68.9
4640	68.8
4707	68.6
4776	68.4
4845	68.4
4916	68.3
4987	68.2
5060	67.9
5133	67.9
5208	67.7
5284	67.6
5360	67.5
5438	67.5
5518	67.3
5598	67.1
5679	67
5762	67
5846	66.9
5931	66.9
6017	66.8
6104	67
6193	67
6283	66.9
6375	67
6467	67.2
6561	67.4
6657	67.6
6754	67.8
6852	68
6952	68.2
7053	68.4
7155	68.6
7259	68.7
7365	68.8
7472	68.9
7581	69
7691	69.2
7803	69.3
7916	69.1
8032	68.7
8148	68.3
8267	67.8
8387	67.3
8509	66.5
8633	65.9
8758	65.2
8886	64.7
9015	64.3
9146	64
9279	63.8
9414	63.5
9551	63.2
9690	63.1
9831	63
9974	62.8
10119	62.7
10266	62.7
10416	62.6
10567	62.6
10721	62.7
10877	62.6
11035	62.5
11196	62.3
11358	62.2
11524	62
11691	61.9
11861	61.9
12034	61.9
12209	61.9
12386	62
12567	62.2
12749	62.5
12935	62.9
13123	63.7
13314	64.8
13507	65.7
13704	66.2
13903	66.3
14105	65.8
14311	65.1
14519	64.2
14730	63.5
14944	62.9
15162	62.4
15382	62
15606	61.7
15833	61.5
16063	61.3
16297	60.9
16534	60.6
16774	60.2
17018	59.9
17266	59.4
17517	59
17772	58.6
18030	58.2
18293	57.8
18559	57.4
18829	56.9
19102	56.4
19380	55.8
20000	55.2
overall dB	94.6 dB
decay	Average
averaging	1/24 Octave
source	Headset Microphone 1 Low Range
latitude	0
longitude	0
saved	2024/07/20 20:47
peak	16.1Hz
