FFT	AudioTools 	v17.9 (4) iPad battery  97%	2024/06/05 20:53	Headset Microphone 1 Low Range	EB05A3E2-10AC-49FE-A287-06AC06EBE5AD
Frequency	dB	Unweighted
19.5	72.8
19.8	72.8
20.1	72.8
20.3	72.9
20.6	72.9
20.9	73
21.2	73.1
21.6	73.1
21.9	73.2
22.2	73.3
22.5	73.3
22.8	73.3
23.2	73.3
23.5	73.3
23.8	73.3
24.2	73.3
24.5	73.3
24.9	73.4
25.3	73.4
25.6	73.5
26	73.5
26.4	73.5
26.8	73.5
27.2	73.5
27.5	73.4
28	73.3
28.4	73.3
28.8	73.2
29.2	73.2
29.6	73.3
30	73.3
30.5	73.4
30.9	73.4
31.4	73.5
31.8	73.5
32.3	73.4
32.8	73.4
33.2	73.3
33.7	73.2
34.2	73.1
34.7	73
35.2	72.9
35.7	72.9
36.2	72.8
36.8	72.9
37.3	72.9
37.9	73
38.4	73
39	73
39.5	73
40.1	72.8
40.7	72.7
41.3	72.5
41.9	72.4
42.5	72.4
43.1	72.6
43.7	72.7
44.4	72.8
45	72.7
45.7	72.5
46.3	72.3
47	72.1
47.7	71.9
48.4	71.8
49.1	71.7
49.8	71.6
50.5	71.5
51.3	71.4
52	71.3
52.8	71.3
53.5	71.2
54.3	71.2
55.1	71
55.9	70.9
56.7	70.8
57.5	70.7
58.4	70.7
59.2	70.7
60.1	70.7
61	70.6
61.8	70.4
62.7	70.1
63.7	69.9
64.6	69.8
65.5	69.7
66.5	69.7
67.4	69.7
68.4	69.8
69.4	69.7
70.4	69.6
71.5	69.3
72.5	69
73.5	68.8
74.6	68.5
75.7	68.4
76.8	68.3
77.9	68.3
79.1	68.1
80.2	67.9
81.4	67.6
82.6	67.4
83.8	67.1
85	66.8
86.2	66.7
87.5	66.7
88.7	66.6
90	66.4
91.3	66.2
92.7	66.2
94	66.1
95.4	66
96.8	65.8
98.2	65.7
99.6	65.6
101	65.4
103	65.2
104	65
106	64.9
107	64.8
109	64.7
110	64.7
112	64.5
113	64.2
115	64
117	63.8
118	63.6
120	63.6
122	63.7
124	63.4
125	62.9
127	62.6
129	62.3
131	62.1
133	62
135	62
137	61.8
139	61.4
141	61.3
143	61.1
145	61
147	60.9
149	61.1
151	61.4
154	61.2
156	61
158	60.8
160	60.7
163	60.7
165	60.5
168	60.2
170	60
172	60
175	60.1
177	60.1
180	60.1
183	60.1
185	60.1
188	60.1
191	60
194	59.9
196	60
199	60
202	59.8
205	59.8
208	59.8
211	59.9
214	60
217	59.9
220	59.8
224	59.7
227	59.7
230	59.7
234	59.9
237	60
240	60.1
244	60.1
247	60.3
251	60.4
255	60.4
258	60.3
262	60.4
266	60.5
270	60.5
274	60.4
278	60.3
282	60.3
286	60.2
290	60.2
294	60.4
298	60.4
303	60.5
307	60.6
312	60.4
316	60.3
321	60.3
325	60.4
330	60.4
335	60.3
340	60.3
345	60.4
350	60.5
355	60.5
360	60.5
365	60.5
371	60.5
376	60.6
382	60.6
387	60.5
393	60.4
398	60.4
404	60.5
410	60.7
416	60.8
422	60.8
428	60.8
434	60.9
441	60.7
447	60.7
454	60.7
460	60.7
467	60.6
474	60.6
481	60.6
488	60.8
495	60.7
502	60.6
509	60.8
517	60.9
524	60.9
532	60.9
540	60.8
547	61
555	61
563	61
572	60.9
580	60.9
588	60.9
597	60.8
606	60.7
614	60.8
623	60.8
632	60.8
642	60.8
651	60.8
660	60.7
670	60.8
680	60.8
690	60.8
700	60.8
710	60.9
720	60.8
731	60.9
741	61
752	61
763	61
774	61
785	61
797	61
808	60.9
820	61.1
832	61.2
844	61.3
856	61.3
869	61.3
882	61.3
894	61.2
907	61.3
921	61.5
934	61.5
948	61.6
961	61.7
975	61.7
990	61.8
1004	61.8
1019	61.9
1033	62
1048	62.2
1064	62.2
1079	62.4
1095	62.4
1111	62.4
1127	62.5
1143	62.6
1160	62.8
1177	63.1
1194	63.2
1211	63.3
1229	63.4
1247	63.5
1265	63.6
1283	63.7
1302	63.8
1321	63.9
1340	63.9
1360	64
1379	64.1
1399	64.2
1420	64.4
1440	64.5
1461	64.6
1483	64.7
1504	64.8
1526	64.8
1548	64.8
1571	64.9
1594	65.1
1617	65.1
1640	65.1
1664	65.2
1688	65.3
1713	65.4
1738	65.5
1763	65.7
1789	65.8
1815	65.9
1841	66.1
1868	66.1
1895	66.1
1923	66.2
1951	66.3
1979	66.4
2008	66.6
2037	66.7
2067	66.9
2097	67
2127	67.1
2158	67.3
2190	67.4
2221	67.5
2254	67.7
2287	67.9
2320	68
2354	68.2
2388	68.4
2423	68.5
2458	68.7
2494	68.9
2530	69
2567	69.1
2604	69.3
2642	69.5
2680	69.6
2719	69.8
2759	70
2799	70.1
2840	70.3
2881	70.4
2923	70.7
2965	70.8
3008	70.9
3052	71
3097	71.1
3142	71.2
3187	71.3
3234	71.3
3281	71.4
3328	71.5
3377	71.5
3426	71.6
3476	71.6
3526	71.5
3578	71.5
3630	71.4
3682	71.4
3736	71.3
3790	71.2
3846	71.1
3901	70.9
3958	70.9
4016	70.8
4074	70.5
4133	70.3
4194	70.1
4255	69.9
4316	69.7
4379	69.5
4443	69.3
4508	69.1
4573	68.9
4640	68.7
4707	68.5
4776	68.4
4845	68.2
4916	68.1
4987	67.9
5060	67.7
5133	67.6
5208	67.4
5284	67.3
5360	67.1
5438	66.9
5518	66.8
5598	66.6
5679	66.5
5762	66.3
5846	66.2
5931	66.1
6017	66.1
6104	66.1
6193	66.1
6283	66.1
6375	66.1
6467	66.1
6561	66.2
6657	66.3
6754	66.4
6852	66.5
6952	66.6
7053	66.7
7155	66.7
7259	66.7
7365	66.9
7472	67.1
7581	67.3
7691	67.6
7803	67.8
7916	67.9
8032	67.8
8148	67.6
8267	67.3
8387	66.7
8509	66.1
8633	65.3
8758	64.4
8886	63.5
9015	62.7
9146	61.8
9279	61.1
9414	60.4
9551	59.9
9690	59.3
9831	58.9
9974	58.4
10119	58.1
10266	58
10416	57.8
10567	57.6
10721	57.6
10877	57.5
11035	57.5
11196	57.6
11358	57.7
11524	57.8
11691	58
11861	58.4
12034	58.9
12209	59.5
12386	60.5
12567	61.6
12749	62.9
12935	63.9
13123	64.4
13314	64.1
13507	63.3
13704	62.4
13903	61.6
14105	60.6
14311	59.8
14519	59.1
14730	58.5
14944	58.1
15162	57.8
15382	57.8
15606	58
15833	58.2
16063	58.1
16297	57.7
16534	57
16774	56.1
17018	55.2
17266	54.3
17517	53.4
17772	52.6
18030	51.9
18293	51.2
18559	50.6
18829	50.1
19102	49.5
19380	48.9
20000	48.5
overall dB	92.7 dB
decay	Average
averaging	1/12 Octave
source	Headset Microphone 1 Low Range
latitude	0
longitude	0
saved	2024/06/05 20:53
peak	16.1Hz
