FFT	AudioTools 	v17.9 (4) iPad battery  97%	2024/06/05 20:55	Headset Microphone 1 Low Range	EB05A3E2-10AC-49FE-A287-06AC06EBE5AD
Frequency	dB	Unweighted
19.5	72.6
19.8	72.6
20.1	72.7
20.3	72.7
20.6	72.8
20.9	72.9
21.2	72.9
21.6	73
21.9	73.1
22.2	73.1
22.5	73.1
22.8	73.1
23.2	73.1
23.5	73.1
23.8	73.1
24.2	73.1
24.5	73.1
24.9	73.1
25.3	73.2
25.6	73.2
26	73.2
26.4	73.2
26.8	73.2
27.2	73.2
27.5	73.2
28	73.2
28.4	73.2
28.8	73.2
29.2	73.2
29.6	73.3
30	73.3
30.5	73.4
30.9	73.4
31.4	73.5
31.8	73.5
32.3	73.5
32.8	73.4
33.2	73.4
33.7	73.3
34.2	73.2
34.7	73.1
35.2	73
35.7	72.9
36.2	72.9
36.8	72.8
37.3	72.8
37.9	72.9
38.4	72.9
39	72.9
39.5	72.8
40.1	72.7
40.7	72.5
41.3	72.4
41.9	72.3
42.5	72.3
43.1	72.5
43.7	72.6
44.4	72.7
45	72.6
45.7	72.4
46.3	72.2
47	71.9
47.7	71.8
48.4	71.6
49.1	71.5
49.8	71.5
50.5	71.4
51.3	71.4
52	71.3
52.8	71.3
53.5	71.2
54.3	71.1
55.1	71
55.9	70.8
56.7	70.7
57.5	70.6
58.4	70.6
59.2	70.5
60.1	70.5
61	70.5
61.8	70.4
62.7	70.2
63.7	70
64.6	69.8
65.5	69.7
66.5	69.6
67.4	69.6
68.4	69.5
69.4	69.5
70.4	69.3
71.5	69.1
72.5	68.9
73.5	68.6
74.6	68.5
75.7	68.3
76.8	68.2
77.9	68
79.1	67.9
80.2	67.8
81.4	67.6
82.6	67.4
83.8	67.1
85	66.8
86.2	66.7
87.5	66.6
88.7	66.6
90	66.4
91.3	66.3
92.7	66.2
94	66.1
95.4	65.9
96.8	65.8
98.2	65.7
99.6	65.5
101	65.2
103	65
104	64.9
106	64.7
107	64.5
109	64.5
110	64.5
112	64.4
113	64.1
115	63.8
117	63.6
118	63.5
120	63.6
122	63.7
124	63.4
125	62.9
127	62.6
129	62.4
131	62.2
133	62
135	61.8
137	61.7
139	61.4
141	61.3
143	61.3
145	61.1
147	61
149	61.1
151	61.4
154	61.3
156	61
158	60.7
160	60.6
163	60.6
165	60.5
168	60.1
170	59.8
172	59.8
175	59.8
177	59.8
180	59.8
183	59.9
185	60
188	59.9
191	59.9
194	59.9
196	60
199	60.1
202	60
205	60
208	60
211	60.1
214	60.2
217	60.1
220	59.9
224	59.8
227	59.7
230	59.7
234	59.8
237	59.9
240	59.9
244	60
247	60.1
251	60.2
255	60.2
258	60.1
262	60.2
266	60.3
270	60.3
274	60.2
278	60.1
282	60.1
286	60.1
290	60.1
294	60.3
298	60.4
303	60.5
307	60.6
312	60.5
316	60.4
321	60.4
325	60.6
330	60.6
335	60.6
340	60.6
345	60.6
350	60.6
355	60.7
360	60.5
365	60.5
371	60.6
376	60.7
382	60.6
387	60.6
393	60.4
398	60.5
404	60.7
410	60.8
416	60.8
422	60.9
428	60.9
434	60.9
441	60.9
447	60.8
454	60.7
460	60.7
467	60.7
474	60.7
481	60.7
488	60.8
495	60.8
502	60.7
509	60.9
517	61
524	61
532	60.9
540	60.9
547	61.1
555	61.2
563	61.1
572	61.1
580	60.9
588	60.9
597	60.9
606	60.8
614	60.8
623	60.8
632	60.9
642	60.9
651	60.7
660	60.7
670	60.8
680	60.8
690	60.8
700	60.8
710	60.9
720	60.9
731	61
741	61
752	61
763	61.1
774	61
785	61.1
797	61
808	60.9
820	61
832	61.2
844	61.3
856	61.3
869	61.3
882	61.2
894	61.2
907	61.4
921	61.5
934	61.6
948	61.6
961	61.7
975	61.8
990	61.8
1004	61.8
1019	61.9
1033	62
1048	62.1
1064	62.2
1079	62.3
1095	62.4
1111	62.4
1127	62.5
1143	62.6
1160	62.7
1177	63.1
1194	63.2
1211	63.3
1229	63.4
1247	63.5
1265	63.5
1283	63.7
1302	63.7
1321	63.8
1340	63.9
1360	64
1379	64.1
1399	64.2
1420	64.3
1440	64.4
1461	64.6
1483	64.6
1504	64.7
1526	64.8
1548	64.8
1571	64.9
1594	65
1617	65.1
1640	65.1
1664	65.1
1688	65.2
1713	65.3
1738	65.4
1763	65.6
1789	65.6
1815	65.8
1841	65.9
1868	66
1895	66
1923	66.1
1951	66.2
1979	66.3
2008	66.5
2037	66.6
2067	66.8
2097	66.9
2127	67.1
2158	67.2
2190	67.2
2221	67.3
2254	67.6
2287	67.8
2320	67.9
2354	68.1
2388	68.3
2423	68.4
2458	68.6
2494	68.7
2530	68.9
2567	69.1
2604	69.3
2642	69.4
2680	69.6
2719	69.7
2759	69.9
2799	70.1
2840	70.2
2881	70.4
2923	70.6
2965	70.7
3008	70.9
3052	71
3097	71
3142	71.1
3187	71.1
3234	71.2
3281	71.3
3328	71.3
3377	71.3
3426	71.3
3476	71.3
3526	71.3
3578	71.1
3630	71.1
3682	71
3736	70.9
3790	70.8
3846	70.6
3901	70.5
3958	70.4
4016	70.3
4074	70
4133	69.8
4194	69.6
4255	69.4
4316	69.2
4379	69
4443	68.8
4508	68.6
4573	68.4
4640	68.2
4707	68
4776	67.9
4845	67.7
4916	67.5
4987	67.4
5060	67.2
5133	67.1
5208	66.9
5284	66.7
5360	66.6
5438	66.5
5518	66.3
5598	66.2
5679	66
5762	66
5846	65.9
5931	65.8
6017	65.8
6104	65.8
6193	65.8
6283	65.9
6375	65.9
6467	66
6561	66.2
6657	66.4
6754	66.6
6852	66.8
6952	66.9
7053	67.1
7155	67.2
7259	67.4
7365	67.7
7472	68
7581	68.4
7691	68.8
7803	69.1
7916	69.3
8032	69.2
8148	68.9
8267	68.4
8387	67.6
8509	66.6
8633	65.5
8758	64.4
8886	63.3
9015	62.3
9146	61.4
9279	60.6
9414	59.9
9551	59.2
9690	58.7
9831	58.3
9974	57.8
10119	57.5
10266	57.3
10416	57.1
10567	57
10721	56.9
10877	56.8
11035	56.7
11196	56.7
11358	56.7
11524	56.6
11691	56.5
11861	56.4
12034	56.4
12209	56.5
12386	56.7
12567	56.9
12749	57.3
12935	57.8
13123	58.5
13314	59.4
13507	60.4
13704	61.4
13903	62.1
14105	62.7
14311	62.9
14519	62.6
14730	62
14944	61.1
15162	60.2
15382	59.1
15606	58.4
15833	57.8
16063	57.1
16297	56.3
16534	55.5
16774	54.7
17018	54
17266	53.2
17517	52.6
17772	52
18030	51.4
18293	50.8
18559	50.3
18829	49.7
19102	49.2
19380	48.6
20000	48.2
overall dB	92.6 dB
decay	Average
averaging	1/12 Octave
source	Headset Microphone 1 Low Range
latitude	0
longitude	0
saved	2024/06/05 20:55
peak	16.1Hz
