FFT	AudioTools 	v17.9 (4) iPad battery  95%	2024/06/06 11:49	Headset Microphone 1 Low Range	EB05A3E2-10AC-49FE-A287-06AC06EBE5AD
Frequency	dB	Unweighted
19.5	74.9
19.8	74.8
20.1	74.8
20.3	74.7
20.6	74.6
20.9	74.6
21.2	74.6
21.6	74.6
21.9	74.6
22.2	74.6
22.5	74.6
22.8	74.6
23.2	74.7
23.5	74.6
23.8	74.6
24.2	74.6
24.5	74.5
24.9	74.4
25.3	74.4
25.6	74.4
26	74.4
26.4	74.4
26.8	74.5
27.2	74.5
27.5	74.5
28	74.5
28.4	74.5
28.8	74.4
29.2	74.3
29.6	74.1
30	74
30.5	73.9
30.9	73.7
31.4	73.6
31.8	73.5
32.3	73.5
32.8	73.5
33.2	73.6
33.7	73.6
34.2	73.6
34.7	73.5
35.2	73.3
35.7	73.1
36.2	72.9
36.8	72.8
37.3	72.7
37.9	72.7
38.4	72.8
39	72.8
39.5	72.7
40.1	72.6
40.7	72.4
41.3	72.3
41.9	72.3
42.5	72.3
43.1	72.4
43.7	72.5
44.4	72.6
45	72.6
45.7	72.6
46.3	72.6
47	72.7
47.7	72.7
48.4	72.7
49.1	72.6
49.8	72.4
50.5	72.1
51.3	71.9
52	71.7
52.8	71.7
53.5	71.7
54.3	71.7
55.1	71.5
55.9	71.4
56.7	71.3
57.5	71.2
58.4	71.2
59.2	71.1
60.1	71.2
61	71.1
61.8	71
62.7	70.8
63.7	70.5
64.6	70.2
65.5	70.1
66.5	70
67.4	69.9
68.4	69.8
69.4	69.6
70.4	69.4
71.5	69.2
72.5	69.1
73.5	69
74.6	68.9
75.7	68.8
76.8	68.7
77.9	68.5
79.1	68.4
80.2	68.2
81.4	67.9
82.6	67.6
83.8	67.3
85	67.2
86.2	67.1
87.5	67.1
88.7	67.1
90	66.9
91.3	66.6
92.7	66.3
94	66.2
95.4	66.1
96.8	65.9
98.2	65.7
99.6	65.5
101	65.3
103	65.2
104	65.1
106	65.1
107	65.1
109	65.2
110	65.3
112	65.3
113	65.2
115	64.9
117	64.7
118	64.5
120	64.5
122	64.6
124	64.6
125	64.5
127	64.3
129	64.1
131	64
133	64.1
135	63.9
137	63.9
139	63.7
141	63.5
143	63.3
145	63.2
147	63.1
149	63
151	63
154	62.9
156	62.6
158	62.4
160	62.4
163	62.3
165	62.1
168	61.8
170	61.4
172	61.1
175	60.9
177	60.8
180	61
183	61.2
185	61.2
188	61.2
191	61.1
194	61.2
196	61.1
199	61
202	61
205	61
208	61
211	61
214	60.9
217	60.8
220	60.7
224	60.7
227	60.6
230	60.5
234	60.6
237	60.5
240	60.4
244	60.4
247	60.5
251	60.5
255	60.5
258	60.3
262	60.3
266	60.2
270	60.1
274	60
278	60.1
282	60.1
286	60
290	59.9
294	59.9
298	59.9
303	59.9
307	59.8
312	59.8
316	59.9
321	59.8
325	59.7
330	59.8
335	59.7
340	59.7
345	59.6
350	59.7
355	59.7
360	59.7
365	59.6
371	59.6
376	59.7
382	59.6
387	59.5
393	59.4
398	59.4
404	59.4
410	59.5
416	59.5
422	59.5
428	59.4
434	59.4
441	59.4
447	59.4
454	59.4
460	59.4
467	59.3
474	59.3
481	59.3
488	59.3
495	59.2
502	59.2
509	59.2
517	59.2
524	59.3
532	59.2
540	59.2
547	59.3
555	59.3
563	59.3
572	59.3
580	59.2
588	59.2
597	59.1
606	59.1
614	59.1
623	59.1
632	59.1
642	59
651	59
660	58.9
670	58.9
680	59
690	59
700	59.1
710	59
720	59
731	59
741	59.1
752	59.1
763	59.2
774	59.1
785	59.2
797	59.2
808	59.3
820	59.3
832	59.3
844	59.3
856	59.4
869	59.4
882	59.4
894	59.4
907	59.5
921	59.5
934	59.5
948	59.5
961	59.7
975	59.7
990	59.7
1004	59.8
1019	59.9
1033	60.1
1048	60.2
1064	60.2
1079	60.3
1095	60.4
1111	60.4
1127	60.4
1143	60.6
1160	60.7
1177	60.9
1194	61.1
1211	61.2
1229	61.4
1247	61.5
1265	61.4
1283	61.6
1302	61.7
1321	61.8
1340	61.9
1360	62
1379	62
1399	62.1
1420	62.2
1440	62.3
1461	62.3
1483	62.4
1504	62.6
1526	62.7
1548	62.6
1571	62.7
1594	62.9
1617	63
1640	63
1664	63.1
1688	63.1
1713	63.1
1738	63.1
1763	63.3
1789	63.4
1815	63.6
1841	63.8
1868	63.8
1895	63.9
1923	64
1951	64.1
1979	64.2
2008	64.3
2037	64.5
2067	64.6
2097	64.8
2127	65
2158	65.1
2190	65.2
2221	65.3
2254	65.4
2287	65.5
2320	65.7
2354	65.8
2388	66
2423	66.1
2458	66.3
2494	66.5
2530	66.6
2567	66.7
2604	66.9
2642	67.1
2680	67.3
2719	67.4
2759	67.6
2799	67.7
2840	67.9
2881	68.1
2923	68.3
2965	68.4
3008	68.5
3052	68.6
3097	68.6
3142	68.8
3187	68.9
3234	68.9
3281	69.1
3328	69.2
3377	69.1
3426	69.1
3476	69.1
3526	69.1
3578	69
3630	69
3682	68.9
3736	68.7
3790	68.6
3846	68.5
3901	68.4
3958	68.2
4016	68.1
4074	67.8
4133	67.7
4194	67.5
4255	67.2
4316	67.1
4379	66.9
4443	66.6
4508	66.4
4573	66.3
4640	66.1
4707	66
4776	65.8
4845	65.6
4916	65.4
4987	65.2
5060	65
5133	64.9
5208	64.7
5284	64.5
5360	64.4
5438	64.2
5518	64.1
5598	63.9
5679	63.8
5762	63.7
5846	63.5
5931	63.4
6017	63.4
6104	63.3
6193	63.2
6283	63.2
6375	63.2
6467	63.2
6561	63.3
6657	63.4
6754	63.4
6852	63.5
6952	63.6
7053	63.7
7155	63.8
7259	64
7365	64.1
7472	64.4
7581	64.8
7691	65.3
7803	65.9
7916	66.5
8032	67
8148	67.4
8267	67.7
8387	67.5
8509	67.1
8633	66.3
8758	65.3
8886	64.2
9015	63.1
9146	62
9279	61
9414	60.1
9551	59.3
9690	58.7
9831	58.2
9974	57.6
10119	57.2
10266	56.9
10416	56.7
10567	56.6
10721	56.5
10877	56.3
11035	56.3
11196	56.2
11358	56.2
11524	56.1
11691	56
11861	55.9
12034	55.8
12209	55.7
12386	55.7
12567	55.8
12749	55.9
12935	56.1
13123	56.4
13314	56.9
13507	57.6
13704	58.2
13903	58.7
14105	59.2
14311	59.5
14519	59.4
14730	59
14944	58.4
15162	57.7
15382	56.8
15606	56.4
15833	56
16063	55.6
16297	55.1
16534	54.6
16774	54
17018	53.3
17266	52.7
17517	52
17772	51.4
18030	50.9
18293	50.3
18559	49.8
18829	49.2
19102	48.7
19380	48.1
20000	47.7
overall dB	93.7 dB
decay	Average
averaging	1/12 Octave
source	Headset Microphone 1 Low Range
latitude	0
longitude	0
saved	2024/06/06 11:49
peak	19.0Hz
