FFT	AudioTools 	v17.13 (11) iPad battery 100%	2024/10/10 21:38	Headset Microphone 1 Low Range	EB05A3E2-10AC-49FE-A287-06AC06EBE5AD
Frequency	dB	Unweighted
19.5	75.1
19.8	75.1
20.1	75.2
20.3	75.3
20.6	75.4
20.9	75.5
21.2	75.6
21.6	75.8
21.9	75.8
22.2	75.9
22.5	75.9
22.8	75.8
23.2	75.7
23.5	75.6
23.8	75.4
24.2	75.3
24.5	75.1
24.9	75
25.3	74.9
25.6	74.9
26	74.9
26.4	74.9
26.8	74.8
27.2	74.8
27.5	74.7
28	74.7
28.4	74.8
28.8	74.8
29.2	74.9
29.6	75
30	75.1
30.5	75.2
30.9	75.3
31.4	75.3
31.8	75.2
32.3	75.1
32.8	75
33.2	74.9
33.7	74.7
34.2	74.6
34.7	74.4
35.2	74.3
35.7	74.2
36.2	74.2
36.8	74.3
37.3	74.4
37.9	74.5
38.4	74.5
39	74.5
39.5	74.5
40.1	74.3
40.7	74.2
41.3	74.1
41.9	74.1
42.5	74.1
43.1	74.3
43.7	74.5
44.4	74.6
45	74.5
45.7	74.3
46.3	73.9
47	73.4
47.7	73.1
48.4	72.9
49.1	72.9
49.8	73
50.5	72.9
51.3	72.7
52	72.6
52.8	72.4
53.5	72.5
54.3	72.5
55.1	72.5
55.9	72.4
56.7	72.4
57.5	72.3
58.4	72.2
59.2	72.3
60.1	72.4
61	72.5
61.8	72.5
62.7	72.4
63.7	72.1
64.6	72
65.5	71.9
66.5	71.7
67.4	71.7
68.4	71.7
69.4	71.8
70.4	71.7
71.5	71.4
72.5	71
73.5	70.6
74.6	70.3
75.7	70.2
76.8	70.4
77.9	70.4
79.1	70.2
80.2	70.1
81.4	69.9
82.6	69.7
83.8	69.5
85	69.2
86.2	69.2
87.5	69.3
88.7	69.3
90	69.1
91.3	69
92.7	68.8
94	68.6
95.4	68.5
96.8	68.5
98.2	68.3
99.6	68
101	67.7
103	67.5
104	67.3
106	67.3
107	67.2
109	67
110	66.9
112	66.9
113	66.9
115	66.9
117	66.8
118	66.6
120	66.8
122	67
124	66.8
125	66.3
127	66
129	65.7
131	65.5
133	65.2
135	64.9
137	64.8
139	64.3
141	63.9
143	63.9
145	64
147	64.1
149	64.1
151	64
154	63.9
156	63.7
158	63.3
160	63.1
163	63
165	62.8
168	62.5
170	62.4
172	62.7
175	62.6
177	62.2
180	62.3
183	62.7
185	62.8
188	62.5
191	62.3
194	62.3
196	62.4
199	62.3
202	61.9
205	61.6
208	61.5
211	61.8
214	61.8
217	61.8
220	62
224	61.9
227	61.5
230	61.3
234	61.2
237	61.3
240	61.3
244	61.1
247	61.1
251	61.1
255	61.1
258	61
262	61.2
266	61.3
270	61
274	60.8
278	60.7
282	60.7
286	60.9
290	60.9
294	61.1
298	61
303	61.2
307	61.3
312	61.3
316	61.3
321	61.3
325	61.2
330	61
335	61
340	60.9
345	60.9
350	61.1
355	61.2
360	61.2
365	61.2
371	61.2
376	61.4
382	61.2
387	61.3
393	61.1
398	61.1
404	61.2
410	61.2
416	61.3
422	61.4
428	61.4
434	61.5
441	61.4
447	61.5
454	61.5
460	61.6
467	61.5
474	61.4
481	61.4
488	61.6
495	61.5
502	61.5
509	61.7
517	62
524	62
532	61.8
540	61.8
547	62
555	62.3
563	62.4
572	62.3
580	62.1
588	62.1
597	62.1
606	62
614	61.7
623	61.6
632	61.7
642	61.8
651	61.9
660	61.9
670	61.8
680	61.7
690	61.8
700	62
710	62.1
720	62.1
731	62.3
741	62.3
752	62.3
763	62.2
774	62.2
785	62.3
797	62.3
808	62.3
820	62.3
832	62.3
844	62.4
856	62.5
869	62.5
882	62.4
894	62.3
907	62.4
921	62.5
934	62.5
948	62.6
961	62.6
975	62.4
990	62.3
1004	62.3
1019	62.6
1033	62.8
1048	63
1064	63.1
1079	63.2
1095	63.4
1111	63.3
1127	63.3
1143	63.4
1160	63.6
1177	63.9
1194	64.1
1211	64.2
1229	64.3
1247	64.5
1265	64.5
1283	64.7
1302	64.9
1321	65
1340	65
1360	65.1
1379	65.2
1399	65.5
1420	65.7
1440	65.8
1461	66
1483	66.1
1504	66.2
1526	66.5
1548	66.3
1571	66.3
1594	66.4
1617	66.4
1640	66.2
1664	66.1
1688	66.2
1713	66.2
1738	66.4
1763	66.7
1789	66.8
1815	67
1841	67
1868	67.1
1895	67.4
1923	67.4
1951	67.5
1979	67.6
2008	67.7
2037	67.8
2067	67.9
2097	68
2127	68
2158	68.2
2190	68.3
2221	68.3
2254	68.5
2287	68.7
2320	68.8
2354	68.9
2388	69
2423	69.2
2458	69.5
2494	69.7
2530	69.9
2567	70.1
2604	70.2
2642	70.3
2680	70.4
2719	70.5
2759	70.6
2799	70.8
2840	70.9
2881	70.9
2923	71.1
2965	71.3
3008	71.4
3052	71.5
3097	71.5
3142	71.6
3187	71.6
3234	71.6
3281	71.6
3328	71.8
3377	71.8
3426	71.7
3476	71.7
3526	71.6
3578	71.5
3630	71.5
3682	71.4
3736	71.3
3790	71.1
3846	71
3901	70.8
3958	70.7
4016	70.6
4074	70.3
4133	70.2
4194	70
4255	69.8
4316	69.6
4379	69.5
4443	69.3
4508	69.2
4573	69.1
4640	68.9
4707	68.8
4776	68.7
4845	68.6
4916	68.5
4987	68.3
5060	68.1
5133	68
5208	67.9
5284	67.8
5360	67.7
5438	67.6
5518	67.4
5598	67.3
5679	67.3
5762	67.2
5846	67.2
5931	67.2
6017	67.1
6104	67.2
6193	67.2
6283	67.2
6375	67.3
6467	67.5
6561	67.6
6657	67.7
6754	67.9
6852	68.1
6952	68.3
7053	68.5
7155	68.7
7259	68.9
7365	69.1
7472	69.4
7581	69.7
7691	70.1
7803	70.6
7916	71
8032	71.1
8148	71.1
8267	70.7
8387	69.9
8509	68.9
8633	67.9
8758	67
8886	66.1
9015	65.4
9146	64.9
9279	64.6
9414	64.2
9551	63.9
9690	63.7
9831	63.5
9974	63.3
10119	63.2
10266	63.1
10416	63.1
10567	63.1
10721	63.1
10877	63
11035	63
11196	62.9
11358	62.8
11524	62.7
11691	62.6
11861	62.4
12034	62.4
12209	62.4
12386	62.4
12567	62.4
12749	62.5
12935	62.6
13123	63
13314	63.4
13507	63.9
13704	64.3
13903	64.5
14105	64.5
14311	64.3
14519	63.8
14730	63.3
14944	62.9
15162	62.5
15382	62
15606	61.8
15833	61.6
16063	61.3
16297	60.9
16534	60.4
16774	60
17018	59.6
17266	59.2
17517	58.7
17772	58.3
18030	57.8
18293	57.4
18559	57
18829	56.5
19102	55.9
19380	55.4
20000	55
overall dB	95.3 dB
decay	Average
averaging	1/12 Octave
source	Headset Microphone 1 Low Range
latitude	0
longitude	0
saved	2024/10/10 21:38
peak	16.1Hz
