FFT	AudioTools 	v17.13 (11) iPad battery 100%	2024/10/10 21:39	Headset Microphone 1 Low Range	EB05A3E2-10AC-49FE-A287-06AC06EBE5AD
Frequency	dB	Unweighted
19.5	74.2
19.8	74.3
20.1	74.3
20.3	74.3
20.6	74.4
20.9	74.5
21.2	74.6
21.6	74.7
21.9	74.8
22.2	74.9
22.5	75
22.8	75
23.2	75
23.5	75.1
23.8	75.1
24.2	75.1
24.5	75.1
24.9	75.1
25.3	75.2
25.6	75.2
26	75.2
26.4	75.2
26.8	75.2
27.2	75.2
27.5	75.2
28	75.2
28.4	75.2
28.8	75.2
29.2	75.3
29.6	75.4
30	75.5
30.5	75.5
30.9	75.6
31.4	75.6
31.8	75.5
32.3	75.5
32.8	75.4
33.2	75.4
33.7	75.3
34.2	75.2
34.7	75.2
35.2	75.1
35.7	75.1
36.2	75
36.8	75
37.3	74.9
37.9	74.9
38.4	74.9
39	74.9
39.5	75
40.1	74.9
40.7	74.9
41.3	74.8
41.9	74.7
42.5	74.8
43.1	74.9
43.7	75.1
44.4	75.3
45	75.2
45.7	75
46.3	74.7
47	74.2
47.7	73.9
48.4	73.6
49.1	73.5
49.8	73.4
50.5	73.4
51.3	73.5
52	73.6
52.8	73.7
53.5	73.8
54.3	73.8
55.1	73.6
55.9	73.4
56.7	73.2
57.5	73
58.4	72.9
59.2	72.9
60.1	72.9
61	72.8
61.8	72.6
62.7	72.4
63.7	72.2
64.6	72
65.5	71.9
66.5	71.7
67.4	71.5
68.4	71.6
69.4	71.7
70.4	71.7
71.5	71.5
72.5	71.2
73.5	71
74.6	70.8
75.7	70.8
76.8	70.7
77.9	70.6
79.1	70.6
80.2	70.6
81.4	70.6
82.6	70.7
83.8	70.8
85	70.9
86.2	70.8
87.5	70.6
88.7	70.3
90	69.8
91.3	69.6
92.7	69.5
94	69.5
95.4	69.5
96.8	69.3
98.2	69.2
99.6	69.1
101	69.2
103	69.2
104	69.2
106	69
107	68.8
109	68.6
110	68.7
112	68.7
113	68.7
115	68.5
117	68.1
118	67.9
120	68
122	68
124	67.8
125	67.7
127	67.5
129	67.2
131	66.8
133	66.6
135	66.4
137	66.2
139	65.9
141	65.8
143	65.7
145	65.5
147	65.5
149	65.4
151	65.3
154	65
156	64.7
158	64.5
160	64.7
163	64.7
165	64.5
168	64.2
170	64.1
172	64.2
175	64.2
177	64.1
180	64
183	63.8
185	63.5
188	63.4
191	63.3
194	63.3
196	63.3
199	63.1
202	63
205	63.1
208	63.1
211	63.1
214	62.9
217	62.8
220	62.8
224	62.7
227	62.6
230	62.4
234	62.2
237	62.1
240	62.1
244	61.9
247	61.9
251	61.9
255	61.9
258	62
262	62
266	61.9
270	61.9
274	61.7
278	61.8
282	61.8
286	61.8
290	61.7
294	61.6
298	61.6
303	61.6
307	61.6
312	61.6
316	61.5
321	61.4
325	61.2
330	61.1
335	60.9
340	60.7
345	60.6
350	60.6
355	60.5
360	60.6
365	60.5
371	60.2
376	60.1
382	60
387	60
393	59.8
398	59.7
404	59.7
410	59.7
416	59.6
422	59.4
428	59.4
434	59.5
441	59.5
447	59.5
454	59.6
460	59.6
467	59.4
474	59.3
481	59.2
488	59.1
495	59
502	58.7
509	58.8
517	58.9
524	58.8
532	58.8
540	58.6
547	58.7
555	58.8
563	58.9
572	58.9
580	58.7
588	58.6
597	58.4
606	58.3
614	58.2
623	58.2
632	58.2
642	58.1
651	58.1
660	58
670	58
680	58.1
690	58.2
700	58.3
710	58.2
720	58.3
731	58.4
741	58.3
752	58.2
763	58
774	58
785	58
797	58
808	58
820	57.9
832	57.9
844	57.9
856	57.8
869	57.9
882	57.9
894	57.8
907	57.8
921	57.9
934	57.9
948	57.9
961	57.9
975	57.8
990	57.7
1004	57.6
1019	57.8
1033	58
1048	58.2
1064	58.2
1079	58.2
1095	58.3
1111	58.4
1127	58.5
1143	58.6
1160	58.8
1177	59.1
1194	59.3
1211	59.4
1229	59.4
1247	59.5
1265	59.7
1283	59.9
1302	60
1321	60.1
1340	60.1
1360	60.2
1379	60.3
1399	60.5
1420	60.7
1440	60.8
1461	61
1483	61.1
1504	61.3
1526	61.4
1548	61.2
1571	61.2
1594	61.3
1617	61.3
1640	61.1
1664	61.1
1688	61.3
1713	61.3
1738	61.4
1763	61.7
1789	61.8
1815	61.9
1841	62
1868	62.1
1895	62.3
1923	62.4
1951	62.5
1979	62.6
2008	62.7
2037	62.8
2067	62.9
2097	63
2127	63.2
2158	63.3
2190	63.3
2221	63.4
2254	63.6
2287	63.8
2320	64
2354	64.2
2388	64.3
2423	64.4
2458	64.6
2494	64.8
2530	65
2567	65.2
2604	65.3
2642	65.5
2680	65.6
2719	65.7
2759	65.8
2799	65.9
2840	66
2881	66.1
2923	66.3
2965	66.4
3008	66.6
3052	66.7
3097	66.7
3142	66.8
3187	66.8
3234	66.8
3281	66.9
3328	67
3377	67
3426	67
3476	66.9
3526	66.9
3578	66.8
3630	66.7
3682	66.6
3736	66.4
3790	66.3
3846	66.2
3901	66
3958	65.9
4016	65.7
4074	65.4
4133	65.2
4194	65.1
4255	64.8
4316	64.6
4379	64.4
4443	64.2
4508	64
4573	63.8
4640	63.7
4707	63.5
4776	63.3
4845	63.2
4916	63.1
4987	62.9
5060	62.7
5133	62.6
5208	62.4
5284	62.3
5360	62.2
5438	62
5518	61.9
5598	61.8
5679	61.7
5762	61.6
5846	61.6
5931	61.5
6017	61.5
6104	61.5
6193	61.6
6283	61.6
6375	61.7
6467	61.9
6561	62.1
6657	62.3
6754	62.5
6852	62.7
6952	62.9
7053	63.2
7155	63.4
7259	63.7
7365	63.9
7472	64.2
7581	64.5
7691	65
7803	65.5
7916	65.9
8032	66.1
8148	66.1
8267	65.6
8387	64.7
8509	63.6
8633	62.5
8758	61.3
8886	60.2
9015	59.3
9146	58.6
9279	57.9
9414	57.4
9551	56.9
9690	56.5
9831	56.2
9974	55.9
10119	55.7
10266	55.6
10416	55.6
10567	55.6
10721	55.5
10877	55.5
11035	55.4
11196	55.3
11358	55.3
11524	55.2
11691	55
11861	54.9
12034	54.9
12209	54.9
12386	55.1
12567	55.3
12749	55.6
12935	56
13123	56.6
13314	57.4
13507	58.1
13704	58.7
13903	59
14105	59
14311	58.8
14519	58.3
14730	57.7
14944	57.1
15162	56.6
15382	56
15606	55.6
15833	55.3
16063	54.9
16297	54.3
16534	53.8
16774	53.2
17018	52.6
17266	52
17517	51.5
17772	51
18030	50.5
18293	50
18559	49.6
18829	49.1
19102	48.6
19380	48
20000	47.5
overall dB	94.2 dB
decay	Average
averaging	1/12 Octave
source	Headset Microphone 1 Low Range
latitude	0
longitude	0
saved	2024/10/10 21:39
peak	16.1Hz
