FFT	AudioTools 	v17.10 (4) iPad battery  99%	2024/07/08 17:09	Headset Microphone 1 Low Range	EB05A3E2-10AC-49FE-A287-06AC06EBE5AD
Frequency	dB	Unweighted
19.5	69
19.8	69
20.1	69
20.3	69
20.6	69.1
20.9	69.1
21.2	69.2
21.6	69.3
21.9	69.3
22.2	69.4
22.5	69.5
22.8	69.5
23.2	69.6
23.5	69.6
23.8	69.6
24.2	69.6
24.5	69.5
24.9	69.4
25.3	69.2
25.6	69
26	68.8
26.4	68.7
26.8	68.6
27.2	68.5
27.5	68.4
28	68.4
28.4	68.4
28.8	68.4
29.2	68.5
29.6	68.6
30	68.6
30.5	68.7
30.9	68.7
31.4	68.7
31.8	68.7
32.3	68.6
32.8	68.5
33.2	68.4
33.7	68.4
34.2	68.3
34.7	68.4
35.2	68.4
35.7	68.6
36.2	68.7
36.8	68.8
37.3	68.9
37.9	69
38.4	69.1
39	69.2
39.5	69.2
40.1	69.2
40.7	69.2
41.3	69.1
41.9	69.1
42.5	69.1
43.1	69.1
43.7	69.3
44.4	69.3
45	69.4
45.7	69.3
46.3	69.4
47	69.4
47.7	69.4
48.4	69.5
49.1	69.4
49.8	69.4
50.5	69.4
51.3	69.4
52	69.4
52.8	69.5
53.5	69.6
54.3	69.6
55.1	69.5
55.9	69.3
56.7	69.2
57.5	69.1
58.4	69.1
59.2	69.2
60.1	69.3
61	69.3
61.8	69.3
62.7	69.2
63.7	69.2
64.6	69.2
65.5	69.3
66.5	69.3
67.4	69.2
68.4	69.1
69.4	69.1
70.4	69.1
71.5	69.1
72.5	69.1
73.5	69.1
74.6	69
75.7	68.9
76.8	68.7
77.9	68.7
79.1	68.9
80.2	69
81.4	68.9
82.6	68.7
83.8	68.6
85	68.6
86.2	68.7
87.5	68.8
88.7	68.7
90	68.6
91.3	68.4
92.7	68.3
94	68.3
95.4	68.3
96.8	68.3
98.2	68.3
99.6	68.2
101	68
103	68
104	68
106	68.3
107	68.5
109	68.4
110	68.2
112	68
113	67.9
115	67.9
117	68.1
118	68.1
120	68
122	68
124	68
125	67.9
127	67.6
129	67.4
131	67.3
133	67.3
135	67.4
137	67.5
139	67.5
141	67.5
143	67.5
145	67.5
147	67.6
149	67.7
151	67.6
154	67.5
156	67.4
158	67.3
160	67.1
163	67
165	67
168	66.9
170	66.8
172	66.9
175	67
177	66.9
180	66.9
183	66.7
185	66.7
188	66.6
191	66.5
194	66.2
196	66
199	66.1
202	66.2
205	66.3
208	66.3
211	66.1
214	66
217	65.8
220	65.7
224	65.6
227	65.7
230	65.7
234	65.7
237	65.7
240	65.6
244	65.7
247	65.6
251	65.4
255	65.3
258	65.1
262	65.1
266	65
270	64.8
274	64.6
278	64.4
282	64.3
286	64.2
290	64
294	64
298	64.1
303	64.1
307	63.9
312	63.7
316	63.7
321	63.6
325	63.6
330	63.5
335	63.5
340	63.3
345	63.2
350	63
355	63
360	63
365	62.9
371	62.8
376	62.8
382	62.8
387	62.7
393	62.5
398	62.4
404	62.4
410	62.1
416	62
422	62
428	61.8
434	61.7
441	61.8
447	61.8
454	61.6
460	61.2
467	61
474	61.1
481	61
488	60.9
495	60.8
502	60.5
509	60.7
517	60.8
524	60.9
532	60.7
540	60.5
547	60.3
555	60.3
563	60.3
572	60.2
580	60.2
588	60.1
597	60
606	59.8
614	59.8
623	59.8
632	59.8
642	59.7
651	59.7
660	59.6
670	59.5
680	59.3
690	59.1
700	59.2
710	59.3
720	59.2
731	59.1
741	59.1
752	59.2
763	59
774	58.6
785	58.6
797	58.8
808	58.8
820	58.7
832	58.7
844	58.6
856	58.7
869	58.6
882	58.5
894	58.7
907	58.8
921	58.7
934	59
948	59.1
961	59.2
975	59.2
990	59.2
1004	59.2
1019	59.2
1033	59.2
1048	59.3
1064	59.3
1079	59.4
1095	59.9
1111	60.1
1127	60.3
1143	60.7
1160	61.1
1177	61.4
1194	61.6
1211	61.7
1229	62
1247	62.1
1265	62.1
1283	62.3
1302	62.3
1321	62.2
1340	62.1
1360	62.3
1379	62.4
1399	62.3
1420	62.3
1440	62.1
1461	62
1483	61.8
1504	61.7
1526	61.5
1548	61.4
1571	61.2
1594	60.8
1617	60.6
1640	60.4
1664	60.2
1688	59.9
1713	59.7
1738	59.7
1763	59.8
1789	60
1815	60.4
1841	60.7
1868	61
1895	61.3
1923	61.7
1951	62
1979	62.3
2008	62.7
2037	63.1
2067	63.6
2097	63.9
2127	64.2
2158	64.5
2190	65
2221	65.2
2254	65.7
2287	66.2
2320	66.8
2354	67.3
2388	67.8
2423	68.2
2458	68.6
2494	68.8
2530	68.8
2567	68.8
2604	68.9
2642	69
2680	69.1
2719	69.2
2759	69.4
2799	69.6
2840	69.8
2881	69.9
2923	70.2
2965	70.2
3008	70.4
3052	70.4
3097	70.5
3142	70.5
3187	70.5
3234	70.5
3281	70.7
3328	70.6
3377	70.7
3426	70.8
3476	70.8
3526	71
3578	71.1
3630	71.1
3682	71.1
3736	71.1
3790	71
3846	70.9
3901	70.9
3958	70.9
4016	71
4074	71
4133	71
4194	71.1
4255	71.3
4316	71.4
4379	71.4
4443	71.3
4508	71.2
4573	70.9
4640	70.7
4707	70.3
4776	69.9
4845	69.7
4916	69.4
4987	69.1
5060	68.9
5133	68.5
5208	68.2
5284	68
5360	67.9
5438	68.2
5518	68.6
5598	69.2
5679	69.7
5762	70.2
5846	70.7
5931	71.1
6017	71.7
6104	72.1
6193	72.4
6283	72.4
6375	72.2
6467	71.9
6561	71
6657	70.4
6754	69.8
6852	69.3
6952	68.8
7053	68.3
7155	68.1
7259	68.5
7365	69.2
7472	70
7581	70.6
7691	71.1
7803	71.1
7916	70.6
8032	69.6
8148	68.7
8267	67.5
8387	66.3
8509	65.2
8633	64.2
8758	63.5
8886	63.2
9015	63.1
9146	63.3
9279	63.6
9414	63.8
9551	64.1
9690	64.5
9831	64.9
9974	65.6
10119	66.1
10266	66.5
10416	66.7
10567	66.9
10721	67.1
10877	67.2
11035	67.2
11196	67.4
11358	67.5
11524	67.7
11691	68.1
11861	68.9
12034	69.7
12209	70.1
12386	70.1
12567	70
12749	69.8
12935	69.6
13123	69.4
13314	69
13507	68.2
13704	66.9
13903	65.8
14105	64.4
14311	63.3
14519	62.4
14730	62
14944	61.7
15162	61.8
15382	62.2
15606	62.3
15833	62.2
16063	62
16297	61.7
16534	61.3
16774	60.7
17018	60.2
17266	59.7
17517	59.4
17772	59
18030	58.8
18293	58.5
18559	58.1
18829	57.7
19102	57.2
19380	56.6
20000	56.1
overall dB	93.3 dB
decay	Average
averaging	1/24 Octave
source	Headset Microphone 1 Low Range
latitude	0
longitude	0
saved	2024/07/08 17:09
peak	 5.9Hz
