FFT	AudioTools 	v17.1 (89) iPad battery  98%	2024/01/08 21:31	Headset Microphone 1 Low Range	EB05A3E2-10AC-49FE-A287-06AC06EBE5AD
Frequency	dB	Unweighted
19.5	69.2
19.8	69.2
20.1	69.2
20.3	69.2
20.6	69.3
20.9	69.3
21.2	69.4
21.6	69.5
21.9	69.6
22.2	69.6
22.5	69.6
22.8	69.7
23.2	69.7
23.5	69.7
23.8	69.8
24.2	69.9
24.5	70
24.9	70.1
25.3	70.2
25.6	70.3
26	70.3
26.4	70.3
26.8	70.3
27.2	70.3
27.5	70.3
28	70.3
28.4	70.3
28.8	70.3
29.2	70.3
29.6	70.4
30	70.5
30.5	70.5
30.9	70.5
31.4	70.5
31.8	70.5
32.3	70.5
32.8	70.5
33.2	70.5
33.7	70.5
34.2	70.5
34.7	70.5
35.2	70.5
35.7	70.4
36.2	70.4
36.8	70.4
37.3	70.5
37.9	70.5
38.4	70.6
39	70.6
39.5	70.6
40.1	70.5
40.7	70.4
41.3	70.4
41.9	70.5
42.5	70.7
43.1	70.9
43.7	71
44.4	71
45	71
45.7	70.9
46.3	70.9
47	70.9
47.7	70.9
48.4	70.9
49.1	70.9
49.8	70.9
50.5	70.9
51.3	70.9
52	70.8
52.8	70.8
53.5	70.8
54.3	70.7
55.1	70.6
55.9	70.5
56.7	70.5
57.5	70.5
58.4	70.5
59.2	70.7
60.1	70.8
61	70.9
61.8	70.8
62.7	70.8
63.7	70.7
64.6	70.7
65.5	70.7
66.5	70.8
67.4	70.9
68.4	71
69.4	70.9
70.4	70.7
71.5	70.5
72.5	70.4
73.5	70.4
74.6	70.4
75.7	70.4
76.8	70.5
77.9	70.5
79.1	70.6
80.2	70.7
81.4	70.7
82.6	70.6
83.8	70.4
85	70.2
86.2	70.1
87.5	70.2
88.7	70.4
90	70.2
91.3	70.1
92.7	70.1
94	70
95.4	69.9
96.8	69.9
98.2	69.8
99.6	69.7
101	69.8
103	70.1
104	70.3
106	70.5
107	70.6
109	70.5
110	70.4
112	70.3
113	70.2
115	70.2
117	70.2
118	70.3
120	70.4
122	70.3
124	70.1
125	70
127	70
129	70
131	70
133	69.9
135	69.7
137	69.5
139	69.6
141	69.8
143	69.9
145	69.9
147	69.8
149	69.9
151	70.1
154	70.2
156	70
158	69.8
160	69.6
163	69.5
165	69.3
168	69.1
170	69
172	69
175	69.1
177	69
180	68.9
183	68.8
185	68.8
188	68.8
191	68.8
194	68.8
196	68.9
199	68.9
202	68.9
205	68.8
208	68.7
211	68.8
214	69
217	68.8
220	68.6
224	68.4
227	68.4
230	68.3
234	68.4
237	68.4
240	68.3
244	68.1
247	68.2
251	68.2
255	68.2
258	68
262	68.1
266	67.9
270	67.7
274	67.5
278	67.2
282	67.2
286	67.1
290	67.2
294	67.3
298	67.1
303	67
307	67
312	66.9
316	66.7
321	66.5
325	66.3
330	66.3
335	66.4
340	66.3
345	66.4
350	66.4
355	66.3
360	66.2
365	66.1
371	66.1
376	66.1
382	66
387	65.9
393	65.7
398	65.4
404	65.3
410	65.2
416	65.2
422	65.2
428	65.1
434	65
441	64.8
447	64.6
454	64.4
460	64.2
467	64
474	63.9
481	63.9
488	63.9
495	63.8
502	63.8
509	63.9
517	63.9
524	63.9
532	63.7
540	63.5
547	63.6
555	63.5
563	63.3
572	63.3
580	63.3
588	63.2
597	63.1
606	63
614	63.1
623	63.1
632	63.1
642	63.2
651	63.2
660	63.1
670	63
680	63
690	63
700	63.1
710	63.2
720	63.2
731	63.3
741	63.3
752	63.4
763	63.4
774	63.4
785	63.5
797	63.5
808	63.4
820	63.4
832	63.3
844	63.4
856	63.3
869	63.1
882	62.8
894	62.6
907	62.7
921	62.7
934	62.9
948	63
961	63.1
975	62.9
990	62.7
1004	62.7
1019	62.7
1033	62.8
1048	62.8
1064	62.7
1079	62.7
1095	62.8
1111	62.7
1127	62.7
1143	62.7
1160	62.7
1177	62.9
1194	63
1211	63.1
1229	63.2
1247	63.4
1265	63.7
1283	64
1302	64.3
1321	64.7
1340	64.9
1360	65.3
1379	65.8
1399	66.3
1420	66.6
1440	66.9
1461	67.3
1483	67.6
1504	67.9
1526	68.1
1548	68.3
1571	68.5
1594	68.8
1617	69.1
1640	69.1
1664	69.4
1688	69.6
1713	69.7
1738	69.9
1763	70.2
1789	70.4
1815	70.8
1841	71.1
1868	71.2
1895	71.4
1923	71.6
1951	71.8
1979	72
2008	72.1
2037	72.3
2067	72.5
2097	72.7
2127	72.8
2158	73
2190	73.2
2221	73.2
2254	73.5
2287	73.7
2320	73.9
2354	74.1
2388	74.2
2423	74.3
2458	74.4
2494	74.4
2530	74.4
2567	74.4
2604	74.4
2642	74.3
2680	74.1
2719	73.9
2759	73.6
2799	73.3
2840	73.1
2881	72.9
2923	72.8
2965	72.6
3008	72.5
3052	72.1
3097	71.8
3142	71.5
3187	71.1
3234	70.8
3281	70.4
3328	70
3377	69.6
3426	69.1
3476	68.6
3526	68.1
3578	67.7
3630	67.2
3682	66.7
3736	66.3
3790	66.1
3846	65.9
3901	65.9
3958	66.2
4016	66.5
4074	67
4133	67.5
4194	68.1
4255	68.8
4316	69.2
4379	69.4
4443	69.5
4508	69.5
4573	69.3
4640	69.1
4707	68.8
4776	68.6
4845	68.4
4916	68.1
4987	67.9
5060	67.8
5133	67.5
5208	67.4
5284	67.3
5360	67.3
5438	67.3
5518	67.3
5598	67.2
5679	67
5762	66.8
5846	66.5
5931	66.3
6017	66.3
6104	66.3
6193	66.2
6283	66.3
6375	66.5
6467	66.8
6561	67.3
6657	67.8
6754	68.4
6852	69.1
6952	69.9
7053	70.8
7155	71.8
7259	72.9
7365	73.7
7472	74.1
7581	73.9
7691	73.1
7803	71.8
7916	70.3
8032	69
8148	68.1
8267	67.3
8387	67
8509	67
8633	67.1
8758	67
8886	66.8
9015	66.5
9146	66.2
9279	65.9
9414	65.6
9551	65.2
9690	64.8
9831	64.4
9974	63.5
10119	62.9
10266	62.3
10416	61.7
10567	61.2
10721	60.7
10877	60.3
11035	60
11196	59.7
11358	59.5
11524	59.4
11691	59.7
11861	60
12034	60.5
12209	61
12386	61.6
12567	62
12749	61.9
12935	61.6
13123	61.2
13314	60.9
13507	60.7
13704	60.5
13903	60
14105	58.9
14311	58
14519	57.6
14730	57.6
14944	57.8
15162	58.2
15382	58.6
15606	58.7
15833	58.9
16063	59
16297	59
16534	58.9
16774	58.4
17018	57.7
17266	56.9
17517	56.1
17772	55.3
18030	54.5
18293	53.8
18559	53.2
18829	52.8
19102	52.4
19380	52
20000	51.7
overall dB	94.2 dB
decay	Average
averaging	1/12 Octave
source	Headset Microphone 1 Low Range
latitude	0
longitude	0
saved	2024/01/08 21:31
peak	19.0Hz
