FFT	AudioTools 	v17.2 (94) iPad battery  72%	2024/01/22 13:37	Headset Microphone 1 Low Range	EB05A3E2-10AC-49FE-A287-06AC06EBE5AD
Frequency	dB	Unweighted
19.5	71.1
19.8	71.2
20.1	71.3
20.3	71.3
20.6	71.4
20.9	71.6
21.2	71.7
21.6	71.8
21.9	71.9
22.2	72
22.5	72.1
22.8	72.2
23.2	72.2
23.5	72.2
23.8	72.3
24.2	72.3
24.5	72.3
24.9	72.4
25.3	72.5
25.6	72.5
26	72.6
26.4	72.6
26.8	72.6
27.2	72.6
27.5	72.7
28	72.7
28.4	72.7
28.8	72.8
29.2	72.9
29.6	73
30	73.1
30.5	73.1
30.9	73.2
31.4	73.2
31.8	73.2
32.3	73.2
32.8	73.2
33.2	73.1
33.7	73.1
34.2	73.1
34.7	73.1
35.2	73.2
35.7	73.2
36.2	73.2
36.8	73.3
37.3	73.3
37.9	73.4
38.4	73.4
39	73.5
39.5	73.4
40.1	73.4
40.7	73.3
41.3	73.2
41.9	73.1
42.5	73.2
43.1	73.4
43.7	73.5
44.4	73.6
45	73.5
45.7	73.4
46.3	73.3
47	73.1
47.7	73.1
48.4	73.1
49.1	73.1
49.8	73
50.5	73
51.3	73
52	73
52.8	73
53.5	73
54.3	73
55.1	72.9
55.9	72.8
56.7	72.7
57.5	72.6
58.4	72.7
59.2	72.8
60.1	72.8
61	72.9
61.8	72.9
62.7	72.8
63.7	72.8
64.6	72.7
65.5	72.8
66.5	72.8
67.4	72.8
68.4	72.8
69.4	72.7
70.4	72.6
71.5	72.4
72.5	72.2
73.5	72
74.6	71.9
75.7	71.9
76.8	72
77.9	72
79.1	72
80.2	71.9
81.4	71.8
82.6	71.6
83.8	71.3
85	71.1
86.2	71
87.5	71
88.7	71
90	70.9
91.3	70.8
92.7	70.9
94	70.9
95.4	70.8
96.8	70.8
98.2	70.8
99.6	70.8
101	70.7
103	70.7
104	70.8
106	70.8
107	70.9
109	70.8
110	70.7
112	70.6
113	70.4
115	70.2
117	70.2
118	70.2
120	70.3
122	70.3
124	70.1
125	69.9
127	69.6
129	69.5
131	69.4
133	69.2
135	69
137	69
139	69.1
141	69.3
143	69.4
145	69.3
147	69.2
149	69.2
151	69.3
154	69.3
156	69.1
158	69
160	68.8
163	68.7
165	68.5
168	68.3
170	68.1
172	68
175	68
177	68
180	67.8
183	67.7
185	67.7
188	67.7
191	67.7
194	67.6
196	67.6
199	67.7
202	67.7
205	67.5
208	67.5
211	67.6
214	67.7
217	67.6
220	67.3
224	67.1
227	67
230	66.8
234	67
237	67
240	67
244	67
247	67.1
251	67.3
255	67.4
258	67.2
262	67.2
266	67.2
270	67.2
274	67
278	67
282	67.1
286	67
290	67
294	67
298	67
303	67
307	67
312	67
316	67
321	67
325	66.9
330	66.9
335	66.9
340	66.7
345	66.4
350	66.5
355	66.6
360	66.6
365	66.8
371	66.9
376	66.8
382	66.7
387	66.6
393	66.5
398	66.5
404	66.7
410	66.9
416	67
422	67
428	66.9
434	66.9
441	66.6
447	66.6
454	66.5
460	66.6
467	66.6
474	66.5
481	66.4
488	66.6
495	66.6
502	66.6
509	66.8
517	66.9
524	66.9
532	66.8
540	66.8
547	66.9
555	66.9
563	66.9
572	66.9
580	66.7
588	66.6
597	66.6
606	66.7
614	66.7
623	66.7
632	66.9
642	66.8
651	66.7
660	66.5
670	66.6
680	66.6
690	66.6
700	66.6
710	66.5
720	66.4
731	66.5
741	66.5
752	66.5
763	66.4
774	66.4
785	66.5
797	66.5
808	66.5
820	66.4
832	66.4
844	66.5
856	66.6
869	66.5
882	66.4
894	66.6
907	66.7
921	66.7
934	66.8
948	67
961	67.1
975	67
990	66.9
1004	66.8
1019	66.8
1033	67
1048	67.1
1064	67.3
1079	67.5
1095	67.5
1111	67.4
1127	67.6
1143	67.7
1160	67.8
1177	68
1194	68.1
1211	67.9
1229	67.9
1247	68.1
1265	68.1
1283	68.2
1302	68.3
1321	68.2
1340	68.1
1360	68.2
1379	68.4
1399	68.5
1420	68.5
1440	68.5
1461	68.5
1483	68.4
1504	68.4
1526	68.6
1548	68.7
1571	68.7
1594	68.7
1617	68.7
1640	68.7
1664	68.7
1688	68.7
1713	68.8
1738	68.8
1763	68.9
1789	68.9
1815	68.9
1841	69
1868	69.1
1895	69.1
1923	69.2
1951	69.3
1979	69.3
2008	69.4
2037	69.5
2067	69.6
2097	69.7
2127	69.8
2158	69.9
2190	69.9
2221	70
2254	70.1
2287	70.2
2320	70.3
2354	70.5
2388	70.6
2423	70.7
2458	70.9
2494	71.1
2530	71.3
2567	71.4
2604	71.6
2642	71.8
2680	71.9
2719	72
2759	72.1
2799	72.3
2840	72.4
2881	72.6
2923	72.8
2965	73
3008	73
3052	73.1
3097	73.1
3142	73.1
3187	73.1
3234	73.2
3281	73.3
3328	73.4
3377	73.3
3426	73.3
3476	73.2
3526	73.1
3578	72.9
3630	72.8
3682	72.7
3736	72.6
3790	72.5
3846	72.4
3901	72.2
3958	72.1
4016	72.1
4074	71.9
4133	71.7
4194	71.6
4255	71.4
4316	71.3
4379	71
4443	70.9
4508	70.8
4573	70.6
4640	70.5
4707	70.3
4776	70.1
4845	70
4916	69.8
4987	69.6
5060	69.5
5133	69.4
5208	69.3
5284	69.1
5360	68.9
5438	68.8
5518	68.8
5598	68.7
5679	68.7
5762	68.7
5846	68.6
5931	68.6
6017	68.6
6104	68.6
6193	68.6
6283	68.6
6375	68.6
6467	68.7
6561	68.8
6657	68.8
6754	68.9
6852	69
6952	69.1
7053	69.3
7155	69.7
7259	70
7365	70.3
7472	70.6
7581	70.9
7691	71
7803	71.2
7916	71.2
8032	71.1
8148	71
8267	70.8
8387	70.4
8509	70
8633	69.5
8758	69
8886	68.6
9015	68.3
9146	68
9279	67.7
9414	67.4
9551	67.3
9690	67.2
9831	67.1
9974	67.2
10119	67.3
10266	67.4
10416	67.7
10567	67.9
10721	68.1
10877	68.1
11035	68.1
11196	67.9
11358	67.5
11524	67.1
11691	66.6
11861	66
12034	65.6
12209	65.1
12386	64.6
12567	64.2
12749	63.8
12935	63.5
13123	63.2
13314	63.1
13507	62.9
13704	62.8
13903	62.8
14105	62.8
14311	62.9
14519	63
14730	63.2
14944	63.6
15162	64.1
15382	65
15606	65.4
15833	65.4
16063	65
16297	64.2
16534	63.4
16774	62.6
17018	61.9
17266	61.3
17517	60.8
17772	60.4
18030	60
18293	59.6
18559	59.4
18829	59.2
19102	58.8
19380	58.3
20000	57.7
overall dB	94.7 dB
decay	Average
averaging	1/12 Octave
source	Headset Microphone 1 Low Range
latitude	0
longitude	0
saved	2024/01/22 13:37
peak	22.0Hz
