FFT	AudioTools 	v17.1 (89) iPad battery 100%	2023/12/27 16:13	Headset Microphone 1 Low Range	EB05A3E2-10AC-49FE-A287-06AC06EBE5AD
Frequency	dB	Unweighted
19.5	67.3
19.8	67.4
20.1	67.4
20.3	67.4
20.6	67.4
20.9	67.5
21.2	67.5
21.6	67.6
21.9	67.6
22.2	67.7
22.5	67.7
22.8	67.8
23.2	67.8
23.5	67.9
23.8	67.9
24.2	68
24.5	68.1
24.9	68.2
25.3	68.3
25.6	68.4
26	68.4
26.4	68.5
26.8	68.5
27.2	68.4
27.5	68.4
28	68.4
28.4	68.4
28.8	68.4
29.2	68.4
29.6	68.5
30	68.5
30.5	68.6
30.9	68.6
31.4	68.6
31.8	68.6
32.3	68.6
32.8	68.6
33.2	68.6
33.7	68.6
34.2	68.7
34.7	68.7
35.2	68.8
35.7	68.8
36.2	68.9
36.8	68.9
37.3	68.9
37.9	68.9
38.4	68.9
39	69
39.5	69
40.1	69
40.7	68.9
41.3	68.8
41.9	68.8
42.5	68.8
43.1	68.9
43.7	69
44.4	69
45	68.9
45.7	68.8
46.3	68.7
47	68.6
47.7	68.6
48.4	68.6
49.1	68.6
49.8	68.5
50.5	68.5
51.3	68.5
52	68.5
52.8	68.5
53.5	68.4
54.3	68.3
55.1	68.1
55.9	68
56.7	68.1
57.5	68.1
58.4	68.1
59.2	68.2
60.1	68.3
61	68.2
61.8	68
62.7	67.9
63.7	67.8
64.6	67.8
65.5	67.7
66.5	67.7
67.4	67.7
68.4	67.8
69.4	67.9
70.4	67.9
71.5	67.9
72.5	67.8
73.5	67.7
74.6	67.5
75.7	67.4
76.8	67.3
77.9	67.2
79.1	67.1
80.2	67.1
81.4	66.9
82.6	66.7
83.8	66.6
85	66.6
86.2	66.6
87.5	66.6
88.7	66.5
90	66.5
91.3	66.4
92.7	66.4
94	66.5
95.4	66.3
96.8	66.3
98.2	66.2
99.6	66.2
101	66
103	65.9
104	65.8
106	65.8
107	65.7
109	65.4
110	65.1
112	64.9
113	64.8
115	64.7
117	64.7
118	64.6
120	64.6
122	64.5
124	64.4
125	64.2
127	64
129	63.9
131	63.7
133	63.6
135	63.5
137	63.4
139	63.2
141	63.1
143	63
145	62.8
147	62.7
149	62.7
151	62.7
154	62.7
156	62.8
158	62.8
160	62.8
163	62.8
165	62.7
168	62.6
170	62.6
172	62.6
175	62.5
177	62.4
180	62.2
183	62.1
185	62.1
188	62
191	61.9
194	61.8
196	61.6
199	61.5
202	61.5
205	61.4
208	61.3
211	61.2
214	61.2
217	61
220	60.8
224	60.8
227	60.7
230	60.6
234	60.6
237	60.6
240	60.6
244	60.5
247	60.5
251	60.4
255	60.3
258	60.2
262	60.2
266	60.2
270	60.1
274	60.1
278	60
282	60
286	59.9
290	59.8
294	59.8
298	59.8
303	59.9
307	59.9
312	60
316	60.1
321	60.1
325	60.1
330	60.1
335	60
340	59.9
345	59.9
350	59.8
355	59.8
360	59.7
365	59.8
371	59.8
376	59.8
382	59.7
387	59.7
393	59.6
398	59.5
404	59.5
410	59.6
416	59.7
422	59.7
428	59.7
434	59.7
441	59.6
447	59.5
454	59.5
460	59.5
467	59.5
474	59.5
481	59.4
488	59.4
495	59.4
502	59.5
509	59.5
517	59.5
524	59.4
532	59.4
540	59.4
547	59.4
555	59.5
563	59.5
572	59.4
580	59.4
588	59.4
597	59.4
606	59.4
614	59.4
623	59.4
632	59.4
642	59.4
651	59.4
660	59.3
670	59.3
680	59.3
690	59.3
700	59.4
710	59.5
720	59.4
731	59.4
741	59.4
752	59.5
763	59.4
774	59.4
785	59.5
797	59.6
808	59.6
820	59.6
832	59.7
844	59.8
856	59.8
869	59.8
882	59.8
894	59.9
907	59.9
921	59.9
934	60.1
948	60.2
961	60.2
975	60.2
990	60.3
1004	60.4
1019	60.4
1033	60.5
1048	60.7
1064	60.8
1079	61
1095	61
1111	61
1127	61.1
1143	61.3
1160	61.4
1177	61.6
1194	61.7
1211	61.7
1229	61.8
1247	61.9
1265	62
1283	62.1
1302	62.1
1321	62.2
1340	62.3
1360	62.4
1379	62.5
1399	62.6
1420	62.7
1440	62.7
1461	62.8
1483	62.8
1504	62.9
1526	63
1548	63
1571	63.1
1594	63.2
1617	63.3
1640	63.4
1664	63.5
1688	63.6
1713	63.7
1738	63.7
1763	63.8
1789	63.9
1815	64.1
1841	64.2
1868	64.3
1895	64.3
1923	64.5
1951	64.6
1979	64.7
2008	65
2037	65.1
2067	65.3
2097	65.4
2127	65.6
2158	65.8
2190	65.9
2221	66.1
2254	66.3
2287	66.5
2320	66.7
2354	66.9
2388	67.1
2423	67.2
2458	67.4
2494	67.6
2530	67.8
2567	68
2604	68.2
2642	68.4
2680	68.5
2719	68.5
2759	68.6
2799	68.6
2840	68.6
2881	68.6
2923	68.6
2965	68.6
3008	68.5
3052	68.4
3097	68.4
3142	68.3
3187	68.2
3234	68.1
3281	68
3328	67.9
3377	67.8
3426	67.7
3476	67.6
3526	67.5
3578	67.4
3630	67.3
3682	67.2
3736	67.1
3790	67
3846	66.9
3901	66.9
3958	66.8
4016	66.8
4074	66.7
4133	66.7
4194	66.7
4255	66.7
4316	66.6
4379	66.6
4443	66.6
4508	66.6
4573	66.6
4640	66.6
4707	66.6
4776	66.5
4845	66.5
4916	66.4
4987	66.4
5060	66.3
5133	66.2
5208	66.1
5284	66
5360	65.8
5438	65.7
5518	65.6
5598	65.5
5679	65.3
5762	65.3
5846	65.2
5931	65.1
6017	65.1
6104	65.1
6193	65
6283	65
6375	65
6467	65
6561	65
6657	65
6754	65.1
6852	65.3
6952	65.4
7053	65.6
7155	65.7
7259	65.7
7365	65.7
7472	65.7
7581	65.6
7691	65.5
7803	65.2
7916	65
8032	64.7
8148	64.4
8267	64.1
8387	63.7
8509	63.3
8633	62.8
8758	62.4
8886	61.9
9015	61.4
9146	60.9
9279	60.5
9414	60.2
9551	59.8
9690	59.6
9831	59.4
9974	59.3
10119	59.3
10266	59.4
10416	59.5
10567	59.7
10721	59.7
10877	59.7
11035	59.5
11196	59.3
11358	59
11524	58.8
11691	58.8
11861	59
12034	59.3
12209	59.8
12386	60.2
12567	60.6
12749	60.7
12935	60.7
13123	60.6
13314	60.5
13507	60.4
13704	60.4
13903	60.5
14105	60.8
14311	61.3
14519	62
14730	62.8
14944	63.5
15162	64
15382	64
15606	63.6
15833	63
16063	62.4
16297	61.9
16534	61.4
16774	61.3
17018	61.7
17266	62.1
17517	61.3
17772	58.9
18030	55.5
18293	51.5
18559	47.8
18829	44.8
19102	42.8
19380	41.5
20000	40.8
overall dB	89.2 dB
decay	Average
averaging	1/12 Octave
source	Headset Microphone 1 Low Range
latitude	0
longitude	0
saved	2023/12/27 16:13
peak	16.1Hz
