FFT	AudioTools 	v17.4 (100) iPad battery  96%	2024/03/04 13:05	Headset Microphone 1 Low Range	EB05A3E2-10AC-49FE-A287-06AC06EBE5AD
Frequency	dB	Unweighted
19.5	71.3
19.8	71.3
20.1	71.4
20.3	71.5
20.6	71.5
20.9	71.6
21.2	71.7
21.6	71.8
21.9	71.8
22.2	71.9
22.5	71.9
22.8	71.9
23.2	71.9
23.5	71.9
23.8	71.9
24.2	72
24.5	72
24.9	72.1
25.3	72.2
25.6	72.2
26	72.3
26.4	72.3
26.8	72.3
27.2	72.3
27.5	72.3
28	72.3
28.4	72.3
28.8	72.3
29.2	72.4
29.6	72.5
30	72.6
30.5	72.7
30.9	72.7
31.4	72.7
31.8	72.7
32.3	72.7
32.8	72.7
33.2	72.6
33.7	72.6
34.2	72.6
34.7	72.6
35.2	72.5
35.7	72.5
36.2	72.5
36.8	72.6
37.3	72.6
37.9	72.7
38.4	72.9
39	72.9
39.5	72.9
40.1	72.8
40.7	72.7
41.3	72.6
41.9	72.6
42.5	72.6
43.1	72.7
43.7	72.8
44.4	72.8
45	72.8
45.7	72.7
46.3	72.6
47	72.5
47.7	72.6
48.4	72.6
49.1	72.5
49.8	72.4
50.5	72.4
51.3	72.3
52	72.3
52.8	72.4
53.5	72.4
54.3	72.4
55.1	72.4
55.9	72.3
56.7	72.2
57.5	72.1
58.4	72.2
59.2	72.3
60.1	72.3
61	72.3
61.8	72.3
62.7	72.2
63.7	72.2
64.6	72.2
65.5	72.3
66.5	72.3
67.4	72.3
68.4	72.3
69.4	72.3
70.4	72.1
71.5	71.9
72.5	71.7
73.5	71.6
74.6	71.5
75.7	71.4
76.8	71.5
77.9	71.5
79.1	71.6
80.2	71.5
81.4	71.4
82.6	71.2
83.8	70.9
85	70.7
86.2	70.6
87.5	70.6
88.7	70.6
90	70.5
91.3	70.4
92.7	70.5
94	70.5
95.4	70.3
96.8	70.2
98.2	70.2
99.6	70.1
101	70.1
103	70
104	70
106	69.9
107	69.9
109	69.8
110	69.7
112	69.6
113	69.4
115	69.2
117	69.1
118	69.1
120	69.2
122	69.3
124	69.1
125	68.8
127	68.5
129	68.4
131	68.3
133	68.2
135	68
137	67.9
139	67.9
141	68
143	67.9
145	67.7
147	67.4
149	67.4
151	67.5
154	67.5
156	67.3
158	67.2
160	67.1
163	67
165	66.7
168	66.4
170	66.1
172	65.9
175	65.8
177	65.8
180	65.5
183	65.4
185	65.4
188	65.4
191	65.2
194	65.1
196	65.1
199	65.1
202	65.1
205	64.9
208	64.8
211	64.9
214	65.1
217	64.9
220	64.5
224	64.1
227	63.9
230	63.8
234	63.9
237	63.9
240	64
244	64.1
247	64.2
251	64.3
255	64.3
258	64.2
262	64.2
266	64.1
270	64
274	63.8
278	63.6
282	63.6
286	63.5
290	63.5
294	63.6
298	63.4
303	63.4
307	63.4
312	63.3
316	63.2
321	63.1
325	63.1
330	63.1
335	63.1
340	63
345	63.1
350	63.2
355	63.2
360	63.2
365	63.1
371	63.2
376	63.3
382	63.1
387	63
393	62.8
398	62.9
404	63
410	63.1
416	63.1
422	63.2
428	63.2
434	63.2
441	63.1
447	63
454	62.9
460	62.8
467	62.8
474	62.8
481	62.8
488	63
495	62.9
502	62.9
509	63.2
517	63.4
524	63.4
532	63.2
540	63.2
547	63.4
555	63.4
563	63.3
572	63.3
580	63.4
588	63.4
597	63.3
606	63.2
614	63.2
623	63.2
632	63.3
642	63.3
651	63.2
660	63
670	63
680	63
690	63.1
700	63.2
710	63.3
720	63.3
731	63.4
741	63.5
752	63.4
763	63.4
774	63.4
785	63.4
797	63.4
808	63.4
820	63.5
832	63.5
844	63.7
856	63.7
869	63.8
882	63.8
894	63.8
907	64
921	64.1
934	64.2
948	64.3
961	64.3
975	64.3
990	64.2
1004	64.3
1019	64.4
1033	64.6
1048	64.7
1064	64.8
1079	65
1095	65.1
1111	65.2
1127	65.2
1143	65.3
1160	65.5
1177	65.9
1194	66
1211	66
1229	66.1
1247	66.2
1265	66.3
1283	66.5
1302	66.5
1321	66.6
1340	66.7
1360	66.8
1379	66.9
1399	67.1
1420	67.2
1440	67.3
1461	67.4
1483	67.6
1504	67.7
1526	67.7
1548	67.8
1571	67.9
1594	68.1
1617	68.2
1640	68.2
1664	68.3
1688	68.4
1713	68.4
1738	68.5
1763	68.8
1789	68.9
1815	69.1
1841	69.3
1868	69.4
1895	69.5
1923	69.6
1951	69.8
1979	69.9
2008	70
2037	70.1
2067	70.3
2097	70.4
2127	70.6
2158	70.8
2190	70.9
2221	71
2254	71.2
2287	71.3
2320	71.4
2354	71.5
2388	71.7
2423	71.7
2458	71.9
2494	71.9
2530	71.9
2567	71.9
2604	71.9
2642	71.9
2680	71.8
2719	71.7
2759	71.5
2799	71.4
2840	71.3
2881	71.1
2923	71.1
2965	70.9
3008	70.7
3052	70.6
3097	70.4
3142	70.3
3187	70.1
3234	70
3281	69.9
3328	69.9
3377	69.8
3426	69.7
3476	69.7
3526	69.7
3578	69.7
3630	69.7
3682	69.8
3736	69.8
3790	69.9
3846	70.1
3901	70.1
3958	70.3
4016	70.5
4074	70.6
4133	70.7
4194	70.8
4255	71.1
4316	71.2
4379	71.2
4443	71.2
4508	71.2
4573	71.2
4640	71.1
4707	71
4776	70.9
4845	70.8
4916	70.7
4987	70.6
5060	70.4
5133	70.3
5208	70.1
5284	69.9
5360	69.7
5438	69.5
5518	69.2
5598	69
5679	68.8
5762	68.5
5846	68.4
5931	68.2
6017	68
6104	68
6193	67.9
6283	67.9
6375	67.9
6467	67.9
6561	68
6657	68.1
6754	68.2
6852	68.5
6952	68.7
7053	69
7155	69.4
7259	69.8
7365	70.2
7472	70.5
7581	70.8
7691	70.9
7803	70.9
7916	70.7
8032	70.5
8148	70.3
8267	70
8387	69.8
8509	69.4
8633	69
8758	68.6
8886	68.1
9015	67.5
9146	67
9279	66.5
9414	66
9551	65.5
9690	65.1
9831	64.8
9974	64.3
10119	64
10266	63.9
10416	63.8
10567	63.8
10721	63.9
10877	64
11035	64.1
11196	64.4
11358	64.6
11524	64.8
11691	64.9
11861	64.9
12034	64.7
12209	64.4
12386	63.9
12567	63.4
12749	63
12935	62.7
13123	62.7
13314	62.8
13507	63.1
13704	63.6
13903	64.1
14105	64.7
14311	65.1
14519	65.2
14730	65.1
14944	64.9
15162	64.8
15382	64.7
15606	64.8
15833	65.2
16063	65.6
16297	66.2
16534	66.8
16774	67.2
17018	67
17266	66.1
17517	64.6
17772	63.1
18030	61.9
18293	61
18559	60.3
18829	59.7
19102	59
19380	58.2
20000	57.6
overall dB	93.8 dB
decay	Average
averaging	1/12 Octave
source	Headset Microphone 1 Low Range
latitude	0
longitude	0
saved	2024/03/04 13:05
peak	22.0Hz
