FFT	AudioTools 	v17.12 (3) iPad battery  90%	2024/09/06 12:42	Headset Microphone 1 Low Range	EB05A3E2-10AC-49FE-A287-06AC06EBE5AD
Frequency	dB	Unweighted
19.5	73.6
19.8	73.6
20.1	73.7
20.3	73.8
20.6	73.9
20.9	74
21.2	74.1
21.6	74.2
21.9	74.3
22.2	74.3
22.5	74.2
22.8	74.1
23.2	74
23.5	73.9
23.8	73.8
24.2	73.7
24.5	73.7
24.9	73.7
25.3	73.8
25.6	73.9
26	73.9
26.4	74
26.8	74
27.2	74
27.5	73.9
28	73.9
28.4	73.9
28.8	74
29.2	74
29.6	74.1
30	74.2
30.5	74.3
30.9	74.3
31.4	74.3
31.8	74.3
32.3	74.2
32.8	74.1
33.2	73.9
33.7	73.8
34.2	73.6
34.7	73.4
35.2	73.2
35.7	73.2
36.2	73.2
36.8	73.2
37.3	73.4
37.9	73.5
38.4	73.7
39	73.7
39.5	73.7
40.1	73.6
40.7	73.5
41.3	73.4
41.9	73.5
42.5	73.6
43.1	73.7
43.7	73.9
44.4	73.9
45	73.8
45.7	73.5
46.3	73.2
47	72.9
47.7	72.6
48.4	72.4
49.1	72.4
49.8	72.3
50.5	72.2
51.3	72.1
52	72
52.8	71.9
53.5	71.9
54.3	71.9
55.1	71.8
55.9	71.8
56.7	71.8
57.5	71.9
58.4	72
59.2	72.2
60.1	72.3
61	72.3
61.8	72.2
62.7	72
63.7	71.8
64.6	71.7
65.5	71.6
66.5	71.6
67.4	71.6
68.4	71.6
69.4	71.5
70.4	71.4
71.5	71.2
72.5	71
73.5	70.7
74.6	70.6
75.7	70.7
76.8	70.8
77.9	70.7
79.1	70.6
80.2	70.6
81.4	70.5
82.6	70.4
83.8	70.2
85	70
86.2	69.9
87.5	69.9
88.7	69.7
90	69.5
91.3	69.4
92.7	69.4
94	69.4
95.4	69.5
96.8	69.6
98.2	69.6
99.6	69.3
101	69.2
103	69
104	69
106	69.2
107	69.3
109	69.4
110	69.5
112	69.5
113	69.4
115	69.3
117	69.3
118	69.3
120	69.5
122	69.4
124	69
125	68.6
127	68.4
129	68.4
131	68.3
133	68.2
135	67.9
137	67.7
139	67.6
141	67.6
143	67.8
145	68
147	68.1
149	68.2
151	68.2
154	68
156	67.6
158	67.4
160	67.3
163	67.2
165	66.8
168	66.3
170	66.1
172	66.3
175	66.3
177	66.2
180	66.2
183	66.4
185	66.5
188	66.4
191	66.3
194	66.4
196	66.6
199	66.8
202	66.6
205	66.5
208	66.6
211	66.7
214	66.6
217	66.3
220	66.1
224	66
227	65.8
230	65.6
234	65.7
237	65.7
240	65.6
244	65.5
247	65.5
251	65.5
255	65.4
258	65.4
262	65.7
266	65.8
270	65.7
274	65.3
278	65
282	65
286	65
290	65
294	65
298	65
303	65.1
307	65.1
312	65
316	64.9
321	64.8
325	64.7
330	64.7
335	64.8
340	64.8
345	64.7
350	64.8
355	64.6
360	64.3
365	64.2
371	64.1
376	64.3
382	64.3
387	64.3
393	64.2
398	64.2
404	64.3
410	64.4
416	64.4
422	64.5
428	64.5
434	64.6
441	64.5
447	64.3
454	64.2
460	64.1
467	64.1
474	64.1
481	64.1
488	64.1
495	64
502	64
509	64.2
517	64.4
524	64.4
532	64.3
540	64.3
547	64.5
555	64.7
563	64.7
572	64.6
580	64.5
588	64.5
597	64.3
606	64.1
614	63.9
623	63.9
632	64
642	64
651	64.1
660	64.2
670	64.2
680	64.3
690	64.5
700	64.8
710	64.9
720	64.9
731	64.9
741	64.8
752	64.7
763	64.5
774	64.4
785	64.7
797	64.8
808	64.7
820	64.7
832	64.6
844	64.8
856	64.8
869	64.7
882	64.7
894	64.7
907	64.9
921	65.1
934	65.1
948	65.1
961	65.1
975	64.9
990	64.9
1004	64.9
1019	65.2
1033	65.4
1048	65.6
1064	65.8
1079	66
1095	66.1
1111	66.1
1127	66.3
1143	66.5
1160	66.8
1177	67
1194	67.2
1211	67.3
1229	67.4
1247	67.5
1265	67.6
1283	67.8
1302	67.9
1321	68
1340	68.1
1360	68.2
1379	68.4
1399	68.5
1420	68.6
1440	68.6
1461	68.8
1483	69
1504	69.1
1526	69.2
1548	69.1
1571	69.2
1594	69.3
1617	69.3
1640	69.2
1664	69.2
1688	69.3
1713	69.3
1738	69.5
1763	69.7
1789	69.9
1815	70.1
1841	70.2
1868	70.3
1895	70.4
1923	70.5
1951	70.7
1979	70.7
2008	70.8
2037	70.9
2067	71
2097	71
2127	71.2
2158	71.3
2190	71.4
2221	71.4
2254	71.6
2287	71.8
2320	72
2354	72
2388	72.2
2423	72.3
2458	72.5
2494	72.7
2530	72.8
2567	72.9
2604	73
2642	73.2
2680	73.3
2719	73.4
2759	73.6
2799	73.7
2840	73.9
2881	74
2923	74.2
2965	74.2
3008	74.2
3052	74.3
3097	74.2
3142	74.2
3187	74.1
3234	74.1
3281	74.1
3328	74.1
3377	74
3426	74
3476	73.9
3526	73.9
3578	73.9
3630	73.9
3682	73.8
3736	73.6
3790	73.4
3846	73.4
3901	73.3
3958	73.2
4016	73.1
4074	72.9
4133	72.8
4194	72.7
4255	72.6
4316	72.5
4379	72.5
4443	72.4
4508	72.4
4573	72.3
4640	72.2
4707	72
4776	71.9
4845	71.9
4916	71.8
4987	71.7
5060	71.6
5133	71.5
5208	71.3
5284	71.2
5360	71.1
5438	70.9
5518	70.8
5598	70.7
5679	70.6
5762	70.5
5846	70.4
5931	70.4
6017	70.3
6104	70.2
6193	70.1
6283	70
6375	69.9
6467	69.9
6561	70
6657	70
6754	70
6852	70
6952	70.1
7053	70.1
7155	70.1
7259	70.2
7365	70.3
7472	70.4
7581	70.6
7691	70.9
7803	71.1
7916	71.2
8032	71.3
8148	71.3
8267	71.2
8387	70.9
8509	70.6
8633	70.2
8758	69.7
8886	69.1
9015	68.7
9146	68.5
9279	68.2
9414	68
9551	67.9
9690	67.7
9831	67.6
9974	67.3
10119	67.1
10266	67
10416	66.9
10567	66.9
10721	66.8
10877	66.7
11035	66.5
11196	66.4
11358	66.3
11524	66.2
11691	66.2
11861	66.2
12034	66.2
12209	66.2
12386	66.2
12567	66.3
12749	66.4
12935	66.5
13123	67
13314	67.6
13507	68.4
13704	69.3
13903	69.7
14105	69.6
14311	68.9
14519	68.1
14730	67.3
14944	66.7
15162	66.2
15382	65.6
15606	65.3
15833	65.1
16063	64.9
16297	64.6
16534	64.4
16774	64
17018	63.7
17266	63.5
17517	63.2
17772	62.8
18030	62.4
18293	62
18559	61.5
18829	60.9
19102	60.2
19380	59.6
20000	59.3
overall dB	95.8 dB
decay	Average
averaging	1/12 Octave
source	Headset Microphone 1 Low Range
latitude	0
longitude	0
saved	2024/09/06 12:42
peak	16.1Hz
