FFT	AudioTools 	v17.10 (4) iPad battery  99%	2024/06/29 15:12	Headset Microphone 1 Low Range	EB05A3E2-10AC-49FE-A287-06AC06EBE5AD
Frequency	dB	Unweighted
19.5	70.6
19.8	70.6
20.1	70.5
20.3	70.5
20.6	70.6
20.9	70.6
21.2	70.7
21.6	70.8
21.9	70.9
22.2	71
22.5	71
22.8	71.1
23.2	71.2
23.5	71.3
23.8	71.3
24.2	71.4
24.5	71.4
24.9	71.4
25.3	71.5
25.6	71.5
26	71.5
26.4	71.5
26.8	71.5
27.2	71.5
27.5	71.5
28	71.5
28.4	71.5
28.8	71.6
29.2	71.7
29.6	71.8
30	71.9
30.5	71.9
30.9	72
31.4	72
31.8	72
32.3	72
32.8	72
33.2	72
33.7	72
34.2	72
34.7	72
35.2	72.1
35.7	72.1
36.2	72.2
36.8	72.3
37.3	72.4
37.9	72.4
38.4	72.5
39	72.4
39.5	72.4
40.1	72.2
40.7	72.1
41.3	72
41.9	72
42.5	72.1
43.1	72.2
43.7	72.4
44.4	72.4
45	72.4
45.7	72.4
46.3	72.3
47	72.3
47.7	72.4
48.4	72.4
49.1	72.4
49.8	72.4
50.5	72.4
51.3	72.4
52	72.4
52.8	72.4
53.5	72.4
54.3	72.3
55.1	72.2
55.9	72.2
56.7	72.1
57.5	72.1
58.4	72
59.2	72.1
60.1	72.1
61	72.2
61.8	72.3
62.7	72.4
63.7	72.4
64.6	72.4
65.5	72.3
66.5	72.2
67.4	72.3
68.4	72.4
69.4	72.4
70.4	72.2
71.5	72.2
72.5	72.1
73.5	72.1
74.6	72
75.7	71.9
76.8	71.9
77.9	71.9
79.1	71.9
80.2	71.8
81.4	71.7
82.6	71.6
83.8	71.5
85	71.5
86.2	71.5
87.5	71.5
88.7	71.4
90	71.1
91.3	71
92.7	71.1
94	71.2
95.4	71.3
96.8	71.3
98.2	71.1
99.6	71
101	70.9
103	70.9
104	70.9
106	71
107	71.1
109	71
110	70.8
112	70.7
113	70.6
115	70.5
117	70.5
118	70.5
120	70.5
122	70.5
124	70.4
125	70.3
127	70.2
129	70.1
131	70
133	70
135	70
137	69.9
139	69.6
141	69.5
143	69.6
145	69.7
147	69.8
149	69.9
151	70
154	69.9
156	69.7
158	69.5
160	69.4
163	69.4
165	69.1
168	69
170	68.9
172	68.9
175	69
177	68.8
180	68.6
183	68.5
185	68.5
188	68.4
191	68.2
194	68.1
196	68.1
199	68.1
202	68.2
205	68.1
208	68
211	68.2
214	68.4
217	68.1
220	67.8
224	67.6
227	67.4
230	67.2
234	67.3
237	67.4
240	67.5
244	67.5
247	67.5
251	67.5
255	67.3
258	67.1
262	67.1
266	67.2
270	67.2
274	67.1
278	66.8
282	66.7
286	66.5
290	66.6
294	66.8
298	66.7
303	66.5
307	66.5
312	66.6
316	66.5
321	66.4
325	66.3
330	66
335	65.9
340	66
345	66.1
350	66.1
355	66.1
360	66.2
365	66.1
371	66.1
376	66.2
382	66.2
387	66
393	65.7
398	65.6
404	65.5
410	65.5
416	65.6
422	65.7
428	65.8
434	65.7
441	65.5
447	65.5
454	65.3
460	65.1
467	65.2
474	65.2
481	65.2
488	65.2
495	65
502	64.9
509	65
517	65.2
524	65.4
532	65.4
540	65.3
547	65.3
555	65.2
563	65
572	65
580	65
588	64.9
597	64.9
606	64.9
614	64.9
623	64.9
632	64.9
642	65
651	65
660	64.9
670	64.7
680	64.7
690	64.9
700	65
710	65.1
720	65.1
731	65.3
741	65.3
752	65.3
763	65.2
774	65.2
785	65.3
797	65.2
808	65.1
820	65.2
832	65.1
844	65.2
856	65.3
869	65.3
882	65.3
894	65.4
907	65.5
921	65.5
934	65.5
948	65.6
961	65.6
975	65.6
990	65.7
1004	65.7
1019	65.8
1033	65.7
1048	65.8
1064	66
1079	66.1
1095	66.2
1111	66.3
1127	66.3
1143	66.4
1160	66.6
1177	67
1194	66.9
1211	67
1229	67.1
1247	67.1
1265	67.3
1283	67.4
1302	67.5
1321	67.7
1340	67.8
1360	68
1379	68.2
1399	68.4
1420	68.5
1440	68.6
1461	68.7
1483	68.9
1504	69
1526	69
1548	69.1
1571	69.2
1594	69.3
1617	69.3
1640	69.2
1664	69.3
1688	69.4
1713	69.6
1738	69.7
1763	70
1789	70.2
1815	70.7
1841	71
1868	71.3
1895	71.6
1923	71.8
1951	72
1979	72.2
2008	72.4
2037	72.6
2067	72.8
2097	73
2127	73.1
2158	73.4
2190	73.6
2221	73.7
2254	74
2287	74.2
2320	74.5
2354	74.7
2388	74.9
2423	75
2458	75.3
2494	75.4
2530	75.4
2567	75.5
2604	75.7
2642	75.7
2680	75.7
2719	75.7
2759	75.6
2799	75.6
2840	75.5
2881	75.5
2923	75.4
2965	75.2
3008	75.1
3052	75
3097	74.9
3142	74.8
3187	74.7
3234	74.7
3281	74.6
3328	74.5
3377	74.4
3426	74.3
3476	74.2
3526	74.1
3578	74
3630	73.9
3682	73.9
3736	73.9
3790	73.9
3846	73.8
3901	73.8
3958	73.9
4016	73.9
4074	73.9
4133	73.9
4194	73.9
4255	74.1
4316	74.3
4379	74.5
4443	74.6
4508	74.8
4573	75
4640	75.2
4707	75.3
4776	75.5
4845	75.7
4916	75.9
4987	76
5060	76.1
5133	76.1
5208	75.9
5284	75.7
5360	75.3
5438	74.9
5518	74.4
5598	73.9
5679	73.4
5762	72.9
5846	72.5
5931	72.2
6017	71.9
6104	71.9
6193	72
6283	72.2
6375	72.7
6467	73.1
6561	73.3
6657	73.4
6754	73.4
6852	73.5
6952	73.5
7053	73.6
7155	73.7
7259	73.9
7365	74.1
7472	74.5
7581	74.9
7691	75.4
7803	76
7916	76.5
8032	76.7
8148	76.7
8267	76.2
8387	75.6
8509	74.8
8633	73.9
8758	73.1
8886	72.4
9015	71.8
9146	71.4
9279	71.1
9414	70.9
9551	70.8
9690	70.7
9831	70.5
9974	70.4
10119	70.4
10266	70.4
10416	70.4
10567	70.4
10721	70.4
10877	70.3
11035	70.3
11196	70.2
11358	70.2
11524	70.2
11691	70.3
11861	70.6
12034	70.9
12209	71.3
12386	71.7
12567	71.8
12749	71.6
12935	71.1
13123	70.6
13314	70.2
13507	69.9
13704	69.7
13903	69.5
14105	69.4
14311	69.2
14519	69.1
14730	69.1
14944	69
15162	69.1
15382	69.2
15606	69.4
15833	69.4
16063	69.2
16297	68.8
16534	68.3
16774	67.9
17018	67.6
17266	67.2
17517	66.9
17772	66.5
18030	66.2
18293	65.8
18559	65.3
18829	64.7
19102	64
19380	63.3
20000	62.9
overall dB	96.3 dB
decay	Average
averaging	1/12 Octave
source	Headset Microphone 1 Low Range
latitude	0
longitude	0
saved	2024/06/29 15:12
peak	19.0Hz
