FFT	AudioTools 	v17.5 (101) iPad battery  97%	2024/04/06 16:52	Headset Microphone 1 Low Range	EB05A3E2-10AC-49FE-A287-06AC06EBE5AD
Frequency	dB	Unweighted
19.5	69.5
19.8	69.5
20.1	69.6
20.3	69.6
20.6	69.7
20.9	69.8
21.2	70
21.6	70.1
21.9	70.2
22.2	70.3
22.5	70.4
22.8	70.5
23.2	70.5
23.5	70.5
23.8	70.5
24.2	70.5
24.5	70.5
24.9	70.5
25.3	70.5
25.6	70.5
26	70.5
26.4	70.5
26.8	70.5
27.2	70.4
27.5	70.4
28	70.3
28.4	70.3
28.8	70.3
29.2	70.4
29.6	70.4
30	70.5
30.5	70.6
30.9	70.7
31.4	70.7
31.8	70.7
32.3	70.6
32.8	70.6
33.2	70.6
33.7	70.5
34.2	70.5
34.7	70.5
35.2	70.5
35.7	70.4
36.2	70.4
36.8	70.3
37.3	70.3
37.9	70.2
38.4	70.3
39	70.3
39.5	70.3
40.1	70.2
40.7	70.1
41.3	70
41.9	70
42.5	70
43.1	70.1
43.7	70.2
44.4	70.2
45	70.2
45.7	70
46.3	69.8
47	69.7
47.7	69.6
48.4	69.6
49.1	69.6
49.8	69.6
50.5	69.6
51.3	69.6
52	69.5
52.8	69.3
53.5	69.3
54.3	69.3
55.1	69.2
55.9	69.1
56.7	69.1
57.5	69.1
58.4	69.1
59.2	69
60.1	69
61	69
61.8	69
62.7	68.9
63.7	68.8
64.6	68.8
65.5	68.8
66.5	68.7
67.4	68.7
68.4	68.7
69.4	68.7
70.4	68.6
71.5	68.6
72.5	68.5
73.5	68.3
74.6	68.2
75.7	68.1
76.8	68
77.9	67.9
79.1	67.9
80.2	67.8
81.4	67.6
82.6	67.5
83.8	67.3
85	67.2
86.2	67.2
87.5	67.2
88.7	67.2
90	67.1
91.3	66.9
92.7	66.9
94	66.9
95.4	66.8
96.8	66.8
98.2	66.9
99.6	66.9
101	66.8
103	66.7
104	66.5
106	66.5
107	66.4
109	66.4
110	66.3
112	66.2
113	66
115	65.9
117	65.8
118	65.8
120	65.9
122	66
124	65.8
125	65.5
127	65.3
129	65.3
131	65.3
133	65.2
135	65.1
137	65
139	64.8
141	64.7
143	64.7
145	64.7
147	64.7
149	64.7
151	64.7
154	64.7
156	64.7
158	64.7
160	64.6
163	64.5
165	64.2
168	64.1
170	63.9
172	63.9
175	63.8
177	63.8
180	63.7
183	63.7
185	63.7
188	63.6
191	63.5
194	63.5
196	63.6
199	63.6
202	63.4
205	63.2
208	63.2
211	63.2
214	63.2
217	63.1
220	63.2
224	63.2
227	63.2
230	63.2
234	63.3
237	63.3
240	63.2
244	63.2
247	63.3
251	63.3
255	63.2
258	63.1
262	63.1
266	63
270	62.9
274	62.9
278	62.8
282	62.8
286	62.6
290	62.5
294	62.5
298	62.4
303	62.5
307	62.4
312	62.3
316	62.2
321	62.3
325	62.3
330	62.3
335	62.2
340	62.1
345	62
350	62.1
355	62.2
360	62.2
365	62.3
371	62.4
376	62.5
382	62.3
387	62.3
393	62.2
398	62.2
404	62.3
410	62.2
416	62.2
422	62.1
428	62.1
434	62.1
441	62
447	61.9
454	62
460	62
467	62
474	61.9
481	62
488	62
495	62
502	62
509	62.2
517	62.2
524	62.2
532	62
540	62
547	62.1
555	62
563	62.1
572	62.2
580	62
588	62
597	62
606	62
614	61.9
623	61.8
632	61.9
642	62
651	62
660	62
670	62.1
680	62.1
690	62.2
700	62.2
710	62.1
720	62.2
731	62.2
741	62.2
752	62.3
763	62.3
774	62.3
785	62.4
797	62.4
808	62.4
820	62.5
832	62.5
844	62.5
856	62.5
869	62.5
882	62.6
894	62.7
907	62.8
921	63
934	63.1
948	63.2
961	63.3
975	63.4
990	63.5
1004	63.6
1019	63.7
1033	63.9
1048	64.1
1064	64.2
1079	64.5
1095	64.6
1111	64.7
1127	64.8
1143	64.9
1160	65
1177	65.3
1194	65.5
1211	65.6
1229	65.7
1247	65.8
1265	65.9
1283	66
1302	66.1
1321	66.2
1340	66.3
1360	66.4
1379	66.5
1399	66.7
1420	66.8
1440	67
1461	67.1
1483	67.1
1504	67.3
1526	67.5
1548	67.6
1571	67.7
1594	67.8
1617	67.9
1640	68
1664	68.1
1688	68.2
1713	68.3
1738	68.4
1763	68.6
1789	68.7
1815	68.9
1841	69
1868	69.1
1895	69.3
1923	69.4
1951	69.6
1979	69.7
2008	69.8
2037	70
2067	70.1
2097	70.3
2127	70.4
2158	70.5
2190	70.6
2221	70.8
2254	70.9
2287	71
2320	71.2
2354	71.3
2388	71.4
2423	71.5
2458	71.5
2494	71.6
2530	71.6
2567	71.7
2604	71.7
2642	71.8
2680	71.7
2719	71.7
2759	71.7
2799	71.6
2840	71.6
2881	71.5
2923	71.5
2965	71.4
3008	71.3
3052	71.2
3097	71.1
3142	71
3187	70.9
3234	70.8
3281	70.7
3328	70.7
3377	70.6
3426	70.5
3476	70.4
3526	70.3
3578	70.2
3630	70.1
3682	70
3736	70
3790	69.9
3846	69.8
3901	69.8
3958	69.7
4016	69.7
4074	69.6
4133	69.6
4194	69.6
4255	69.5
4316	69.4
4379	69.4
4443	69.3
4508	69.3
4573	69.3
4640	69.3
4707	69.2
4776	69.1
4845	69.1
4916	69
4987	68.9
5060	68.9
5133	68.8
5208	68.7
5284	68.7
5360	68.5
5438	68.4
5518	68.3
5598	68.2
5679	68
5762	67.9
5846	67.7
5931	67.6
6017	67.5
6104	67.3
6193	67.3
6283	67.2
6375	67.1
6467	67.1
6561	67.1
6657	67.1
6754	67.2
6852	67.4
6952	67.5
7053	67.8
7155	68.1
7259	68.4
7365	68.9
7472	69.5
7581	70.1
7691	70.7
7803	71
7916	71.1
8032	70.9
8148	70.5
8267	69.7
8387	68.8
8509	68
8633	67.1
8758	66.1
8886	65.3
9015	64.6
9146	63.7
9279	63
9414	62.3
9551	61.7
9690	61.2
9831	60.8
9974	60.4
10119	60.2
10266	60
10416	59.9
10567	59.8
10721	59.8
10877	59.7
11035	59.7
11196	59.8
11358	59.8
11524	59.9
11691	60
11861	60.2
12034	60.4
12209	60.6
12386	60.8
12567	61.1
12749	61.3
12935	61.5
13123	61.7
13314	61.8
13507	61.7
13704	61.6
13903	61.5
14105	61.5
14311	61.4
14519	61.5
14730	61.6
14944	61.7
15162	61.6
15382	60.9
15606	60.1
15833	59.1
16063	58
16297	57
16534	56.1
16774	55.3
17018	54.7
17266	54.1
17517	53.7
17772	53.4
18030	53.2
18293	53.1
18559	53.1
18829	53.3
19102	53.4
19380	53.2
20000	52.8
overall dB	91.9 dB
decay	Average
averaging	1/12 Octave
source	Headset Microphone 1 Low Range
latitude	0
longitude	0
saved	2024/04/06 16:52
peak	22.0Hz
