FFT	AudioTools 	v17.12 (3) iPad battery  45%	2024/08/21 10:42	Headset Microphone 1 Low Range	EB05A3E2-10AC-49FE-A287-06AC06EBE5AD
Frequency	dB	Unweighted
19.5	73.3
19.8	73.3
20.1	73.4
20.3	73.4
20.6	73.5
20.9	73.6
21.2	73.7
21.6	73.8
21.9	73.9
22.2	73.9
22.5	73.9
22.8	73.8
23.2	73.7
23.5	73.6
23.8	73.5
24.2	73.4
24.5	73.4
24.9	73.3
25.3	73.4
25.6	73.5
26	73.6
26.4	73.7
26.8	73.7
27.2	73.8
27.5	73.8
28	73.8
28.4	73.8
28.8	73.8
29.2	73.9
29.6	73.9
30	74
30.5	74.1
30.9	74.1
31.4	74.1
31.8	74.1
32.3	74.1
32.8	74.1
33.2	74.1
33.7	74
34.2	74
34.7	73.8
35.2	73.7
35.7	73.5
36.2	73.5
36.8	73.5
37.3	73.6
37.9	73.7
38.4	73.9
39	73.9
39.5	73.9
40.1	73.9
40.7	73.8
41.3	73.7
41.9	73.6
42.5	73.7
43.1	73.8
43.7	73.9
44.4	74
45	74
45.7	73.9
46.3	73.7
47	73.4
47.7	73.1
48.4	73
49.1	72.9
49.8	72.9
50.5	72.8
51.3	72.8
52	72.7
52.8	72.6
53.5	72.6
54.3	72.6
55.1	72.5
55.9	72.4
56.7	72.3
57.5	72.4
58.4	72.5
59.2	72.7
60.1	72.8
61	72.9
61.8	72.8
62.7	72.7
63.7	72.4
64.6	72.3
65.5	72.2
66.5	72.2
67.4	72.2
68.4	72.2
69.4	72.2
70.4	72.1
71.5	71.9
72.5	71.7
73.5	71.4
74.6	71.2
75.7	71.2
76.8	71.2
77.9	71.2
79.1	71.1
80.2	71
81.4	70.9
82.6	70.7
83.8	70.4
85	70.2
86.2	70.1
87.5	70.2
88.7	70.1
90	69.9
91.3	70
92.7	70.1
94	70.2
95.4	70.3
96.8	70.4
98.2	70.4
99.6	70.2
101	70.1
103	69.9
104	69.8
106	69.8
107	69.8
109	69.8
110	69.8
112	69.9
113	69.7
115	69.5
117	69.4
118	69.4
120	69.6
122	69.7
124	69.3
125	68.8
127	68.5
129	68.4
131	68.4
133	68.3
135	68.1
137	67.9
139	67.8
141	67.9
143	68.1
145	68.1
147	68.1
149	68.1
151	68.1
154	68
156	67.7
158	67.5
160	67.4
163	67.5
165	67.2
168	66.7
170	66.3
172	66.4
175	66.5
177	66.4
180	66.3
183	66.2
185	66.3
188	66.3
191	66.2
194	66.1
196	66.2
199	66.4
202	66.3
205	66.1
208	66.1
211	66.3
214	66.1
217	65.8
220	65.6
224	65.5
227	65.3
230	65.1
234	65.3
237	65.3
240	65.3
244	65.1
247	65
251	65.1
255	65
258	64.9
262	65.1
266	65.2
270	65.1
274	64.9
278	64.6
282	64.5
286	64.7
290	64.7
294	64.6
298	64.4
303	64.5
307	64.7
312	64.6
316	64.6
321	64.5
325	64.4
330	64.3
335	64.5
340	64.5
345	64.4
350	64.3
355	64.2
360	63.9
365	63.7
371	63.8
376	64
382	64.1
387	64.1
393	63.7
398	63.7
404	63.9
410	64
416	64.1
422	64.1
428	64.1
434	64.3
441	64.2
447	64
454	63.8
460	63.7
467	63.7
474	63.8
481	63.8
488	63.8
495	63.8
502	63.7
509	63.9
517	64.1
524	64.2
532	64
540	64
547	64.2
555	64.3
563	64.3
572	64.4
580	64.4
588	64.4
597	64.2
606	64
614	63.9
623	63.8
632	63.9
642	64
651	64
660	64
670	64
680	64
690	64
700	64.3
710	64.5
720	64.6
731	64.8
741	64.7
752	64.6
763	64.5
774	64.4
785	64.7
797	64.8
808	64.8
820	64.6
832	64.5
844	64.6
856	64.7
869	64.9
882	64.8
894	64.7
907	64.8
921	65
934	65
948	65
961	65.1
975	65
990	65
1004	64.9
1019	65.1
1033	65.3
1048	65.5
1064	65.7
1079	65.8
1095	66
1111	66.1
1127	66.2
1143	66.3
1160	66.5
1177	66.7
1194	66.9
1211	67.1
1229	67.2
1247	67.2
1265	67.2
1283	67.5
1302	67.7
1321	67.7
1340	67.8
1360	68
1379	68.1
1399	68.4
1420	68.5
1440	68.5
1461	68.7
1483	68.9
1504	69.1
1526	69.1
1548	69
1571	69.1
1594	69.2
1617	69.3
1640	69.3
1664	69.4
1688	69.5
1713	69.5
1738	69.6
1763	69.9
1789	70.1
1815	70.4
1841	70.5
1868	70.6
1895	70.6
1923	70.7
1951	70.8
1979	70.8
2008	70.9
2037	71
2067	71.2
2097	71.4
2127	71.4
2158	71.6
2190	71.6
2221	71.7
2254	71.9
2287	72
2320	72.1
2354	72.1
2388	72.1
2423	72.2
2458	72.4
2494	72.5
2530	72.5
2567	72.6
2604	72.6
2642	72.6
2680	72.5
2719	72.4
2759	72.3
2799	72.3
2840	72.2
2881	72.1
2923	72.2
2965	72.1
3008	72
3052	72.1
3097	72
3142	72
3187	72
3234	71.9
3281	71.9
3328	72
3377	72.1
3426	72.1
3476	72.1
3526	72.1
3578	72.2
3630	72.4
3682	72.5
3736	72.5
3790	72.6
3846	72.7
3901	72.7
3958	72.8
4016	72.8
4074	72.7
4133	72.8
4194	73
4255	73.2
4316	73.2
4379	73.3
4443	73.3
4508	73.4
4573	73.5
4640	73.4
4707	73.3
4776	73.2
4845	73.1
4916	73
4987	72.8
5060	72.7
5133	72.5
5208	72.3
5284	72.1
5360	71.9
5438	71.6
5518	71.4
5598	71.3
5679	71.3
5762	71.2
5846	71.1
5931	71.2
6017	71.2
6104	71.3
6193	71.3
6283	71.4
6375	71.5
6467	71.7
6561	71.8
6657	72
6754	72
6852	72
6952	72
7053	71.9
7155	71.9
7259	71.8
7365	71.8
7472	71.8
7581	71.9
7691	71.9
7803	72
7916	71.9
8032	71.8
8148	71.6
8267	71.4
8387	71.1
8509	70.9
8633	70.7
8758	70.5
8886	70.2
9015	70
9146	69.8
9279	69.7
9414	69.6
9551	69.5
9690	69.5
9831	69.5
9974	69.5
10119	69.6
10266	69.9
10416	70.1
10567	70.4
10721	70.6
10877	70.8
11035	70.7
11196	70.4
11358	70.1
11524	69.9
11691	69.9
11861	69.9
12034	69.9
12209	69.9
12386	69.9
12567	69.9
12749	69.7
12935	69.6
13123	69.5
13314	69.3
13507	69.3
13704	69.4
13903	69.4
14105	69.6
14311	69.9
14519	70.4
14730	70.8
14944	71
15162	71
15382	70.5
15606	70.2
15833	70.1
16063	70
16297	70
16534	70.1
16774	70.4
17018	70.2
17266	69.2
17517	68.2
17772	67.4
18030	66.7
18293	66.3
18559	65.8
18829	65.3
19102	64.6
19380	63.9
20000	63.4
overall dB	96.1 dB
decay	Average
averaging	1/12 Octave
source	Headset Microphone 1 Low Range
latitude	0
longitude	0
saved	2024/08/21 10:42
peak	16.1Hz
