FFT	AudioTools 	v17.12 (3) iPad battery  43%	2024/08/21 11:07	Headset Microphone 1 Low Range	EB05A3E2-10AC-49FE-A287-06AC06EBE5AD
Frequency	dB	Unweighted
19.5	64.1
19.8	64.1
20.1	64
20.3	64
20.6	64
20.9	64
21.2	64.1
21.6	64.1
21.9	64.2
22.2	64.3
22.5	64.3
22.8	64.4
23.2	64.4
23.5	64.4
23.8	64.5
24.2	64.5
24.5	64.5
24.9	64.6
25.3	64.7
25.6	64.7
26	64.8
26.4	64.8
26.8	64.9
27.2	64.8
27.5	64.8
28	64.7
28.4	64.6
28.8	64.6
29.2	64.6
29.6	64.6
30	64.6
30.5	64.7
30.9	64.7
31.4	64.7
31.8	64.6
32.3	64.5
32.8	64.5
33.2	64.5
33.7	64.5
34.2	64.5
34.7	64.6
35.2	64.6
35.7	64.6
36.2	64.5
36.8	64.4
37.3	64.4
37.9	64.3
38.4	64.2
39	64.2
39.5	64.2
40.1	64.2
40.7	64.2
41.3	64.1
41.9	64.1
42.5	64.2
43.1	64.3
43.7	64.3
44.4	64.3
45	64.2
45.7	64.1
46.3	64
47	63.9
47.7	63.9
48.4	63.8
49.1	63.7
49.8	63.7
50.5	63.7
51.3	63.7
52	63.6
52.8	63.6
53.5	63.6
54.3	63.6
55.1	63.5
55.9	63.4
56.7	63.3
57.5	63.3
58.4	63.3
59.2	63.3
60.1	63.3
61	63.2
61.8	63
62.7	62.9
63.7	62.8
64.6	62.8
65.5	62.7
66.5	62.6
67.4	62.6
68.4	62.6
69.4	62.6
70.4	62.5
71.5	62.5
72.5	62.4
73.5	62.3
74.6	62.1
75.7	61.9
76.8	61.8
77.9	61.7
79.1	61.6
80.2	61.6
81.4	61.4
82.6	61.3
83.8	61.2
85	61.1
86.2	61
87.5	61.1
88.7	61.2
90	61.3
91.3	61.1
92.7	60.8
94	60.6
95.4	60.4
96.8	60.3
98.2	60.3
99.6	60.2
101	60
103	59.9
104	59.8
106	59.9
107	59.8
109	59.6
110	59.3
112	59.1
113	59
115	59
117	58.9
118	59
120	59
122	59
124	58.8
125	58.6
127	58.6
129	58.6
131	58.6
133	58.6
135	58.6
137	58.4
139	58.2
141	58.2
143	58.2
145	58.3
147	58.2
149	58.1
151	57.9
154	57.7
156	57.7
158	57.7
160	57.6
163	57.4
165	57.1
168	57
170	56.9
172	56.8
175	56.7
177	56.6
180	56.4
183	56.3
185	56.2
188	56.1
191	56
194	56
196	55.9
199	55.7
202	55.7
205	55.6
208	55.4
211	55.3
214	55.1
217	55
220	54.8
224	54.8
227	54.7
230	54.6
234	54.6
237	54.4
240	54.3
244	54.3
247	54.4
251	54.5
255	54.5
258	54.4
262	54.4
266	54.4
270	54.3
274	54.3
278	54.1
282	54
286	53.8
290	53.7
294	53.6
298	53.5
303	53.5
307	53.5
312	53.4
316	53.3
321	53.3
325	53.3
330	53.3
335	53.2
340	53
345	53
350	52.9
355	52.9
360	52.9
365	53
371	53
376	52.9
382	52.8
387	52.7
393	52.6
398	52.4
404	52.4
410	52.4
416	52.4
422	52.4
428	52.3
434	52.2
441	52.2
447	52.1
454	52
460	52
467	52
474	52
481	52
488	52
495	52
502	52
509	52
517	51.9
524	51.8
532	51.8
540	51.7
547	51.8
555	51.8
563	51.8
572	51.7
580	51.7
588	51.6
597	51.5
606	51.4
614	51.5
623	51.4
632	51.4
642	51.4
651	51.4
660	51.5
670	51.5
680	51.4
690	51.4
700	51.5
710	51.4
720	51.4
731	51.4
741	51.4
752	51.5
763	51.6
774	51.5
785	51.5
797	51.5
808	51.5
820	51.5
832	51.6
844	51.6
856	51.5
869	51.5
882	51.6
894	51.6
907	51.7
921	51.7
934	51.8
948	51.9
961	51.9
975	51.9
990	52
1004	52.2
1019	52.3
1033	52.4
1048	52.6
1064	52.7
1079	52.9
1095	53.1
1111	53.2
1127	53.4
1143	53.7
1160	53.8
1177	54.1
1194	54.3
1211	54.5
1229	54.7
1247	54.8
1265	55.1
1283	55.2
1302	55.4
1321	55.6
1340	55.7
1360	55.9
1379	56.1
1399	56.2
1420	56.4
1440	56.5
1461	56.7
1483	56.8
1504	56.9
1526	57
1548	57.1
1571	57.2
1594	57.4
1617	57.5
1640	57.6
1664	57.8
1688	57.9
1713	58
1738	58.1
1763	58.3
1789	58.4
1815	58.6
1841	58.7
1868	58.9
1895	59
1923	59.1
1951	59.2
1979	59.4
2008	59.5
2037	59.7
2067	59.8
2097	59.9
2127	60.1
2158	60.2
2190	60.4
2221	60.4
2254	60.6
2287	60.7
2320	60.7
2354	60.9
2388	61
2423	61
2458	61.1
2494	61.2
2530	61.2
2567	61.3
2604	61.3
2642	61.3
2680	61.3
2719	61.2
2759	61.1
2799	61
2840	60.9
2881	60.9
2923	60.8
2965	60.7
3008	60.6
3052	60.5
3097	60.5
3142	60.5
3187	60.4
3234	60.4
3281	60.4
3328	60.4
3377	60.4
3426	60.4
3476	60.4
3526	60.5
3578	60.5
3630	60.6
3682	60.6
3736	60.7
3790	60.7
3846	60.8
3901	60.8
3958	60.9
4016	60.9
4074	61
4133	61
4194	61.1
4255	61.3
4316	61.4
4379	61.4
4443	61.4
4508	61.4
4573	61.4
4640	61.3
4707	61.2
4776	61.1
4845	60.9
4916	60.7
4987	60.4
5060	60.1
5133	59.8
5208	59.4
5284	59.1
5360	58.8
5438	58.4
5518	58.1
5598	57.8
5679	57.5
5762	57.3
5846	57.2
5931	57.1
6017	57
6104	57
6193	57
6283	57.1
6375	57.3
6467	57.4
6561	57.7
6657	57.9
6754	58.1
6852	58.3
6952	58.4
7053	58.5
7155	58.6
7259	58.8
7365	58.9
7472	59.1
7581	59.2
7691	59.4
7803	59.6
7916	59.8
8032	59.9
8148	59.9
8267	59.8
8387	59.6
8509	59.2
8633	58.7
8758	58.1
8886	57.4
9015	56.7
9146	56.1
9279	55.4
9414	54.9
9551	54.4
9690	54.1
9831	53.8
9974	53.6
10119	53.7
10266	53.9
10416	54.4
10567	54.9
10721	55.7
10877	56.4
11035	56.9
11196	57
11358	56.7
11524	56.2
11691	55.8
11861	55.7
12034	55.8
12209	56.2
12386	56.5
12567	56.7
12749	56.4
12935	55.9
13123	55.3
13314	54.7
13507	54.2
13704	53.9
13903	53.7
14105	53.8
14311	54.1
14519	54.7
14730	55.7
14944	57.1
15162	58.5
15382	59.7
15606	59.6
15833	59.2
16063	58.7
16297	57.9
16534	57.7
16774	57.7
17018	57
17266	54.3
17517	50.5
17772	46.3
18030	42.2
18293	37.9
18559	33.2
18829	28.1
19102	23.1
19380	19
20000	16.6
overall dB	84.6 dB
decay	Average
averaging	1/12 Octave
source	Headset Microphone 1 Low Range
latitude	0
longitude	0
saved	2024/08/21 11:07
peak	17.6Hz
