FFT	AudioTools 	v17.10 (4) iPad battery 100%	2024/06/29 18:52	Headset Microphone 1 Low Range	EB05A3E2-10AC-49FE-A287-06AC06EBE5AD
Frequency	dB	Unweighted
19.5	73.8
19.8	73.8
20.1	73.8
20.3	73.8
20.6	73.9
20.9	73.9
21.2	74
21.6	74
21.9	74.1
22.2	74.1
22.5	74
22.8	74
23.2	73.9
23.5	73.8
23.8	73.7
24.2	73.6
24.5	73.5
24.9	73.4
25.3	73.5
25.6	73.5
26	73.5
26.4	73.6
26.8	73.6
27.2	73.6
27.5	73.6
28	73.5
28.4	73.5
28.8	73.5
29.2	73.5
29.6	73.5
30	73.5
30.5	73.4
30.9	73.4
31.4	73.4
31.8	73.3
32.3	73.3
32.8	73.3
33.2	73.4
33.7	73.5
34.2	73.5
34.7	73.5
35.2	73.5
35.7	73.5
36.2	73.4
36.8	73.4
37.3	73.4
37.9	73.4
38.4	73.5
39	73.5
39.5	73.5
40.1	73.4
40.7	73.3
41.3	73.2
41.9	73.1
42.5	73.1
43.1	73.2
43.7	73.3
44.4	73.4
45	73.3
45.7	73.1
46.3	72.9
47	72.7
47.7	72.5
48.4	72.4
49.1	72.4
49.8	72.4
50.5	72.3
51.3	72.2
52	72.1
52.8	72
53.5	72
54.3	72
55.1	71.9
55.9	71.8
56.7	71.7
57.5	71.7
58.4	71.7
59.2	71.8
60.1	71.9
61	72
61.8	72.1
62.7	72
63.7	71.9
64.6	71.8
65.5	71.8
66.5	71.7
67.4	71.6
68.4	71.6
69.4	71.5
70.4	71.4
71.5	71.1
72.5	70.9
73.5	70.6
74.6	70.5
75.7	70.5
76.8	70.6
77.9	70.6
79.1	70.5
80.2	70.4
81.4	70.4
82.6	70.3
83.8	70.1
85	70.1
86.2	70.2
87.5	70.3
88.7	70.2
90	69.8
91.3	69.7
92.7	69.7
94	69.7
95.4	69.7
96.8	69.9
98.2	69.8
99.6	69.5
101	69.3
103	69.3
104	69.3
106	69.3
107	69.3
109	69.2
110	69.2
112	69.2
113	69.2
115	69
117	68.8
118	68.8
120	69.1
122	69.4
124	69.2
125	68.8
127	68.9
129	69
131	69
133	68.9
135	68.7
137	68.6
139	68.6
141	68.5
143	68.5
145	68.5
147	68.5
149	68.5
151	68.7
154	68.8
156	68.7
158	68.5
160	68.3
163	68.1
165	67.7
168	67.4
170	67.4
172	67.6
175	67.6
177	67.4
180	67.4
183	67.5
185	67.5
188	67.5
191	67.4
194	67.4
196	67.6
199	67.8
202	67.5
205	67.2
208	66.9
211	67
214	67.1
217	66.8
220	66.7
224	66.7
227	66.5
230	66.2
234	66.5
237	66.9
240	67
244	66.9
247	67
251	67.1
255	67
258	66.9
262	67
266	67
270	66.9
274	66.8
278	66.4
282	66.1
286	66.1
290	66.4
294	66.5
298	66.4
303	66.5
307	66.6
312	66.5
316	66.2
321	66.1
325	66.1
330	66.1
335	66.1
340	65.9
345	65.7
350	65.8
355	65.8
360	65.5
365	65.6
371	65.7
376	65.7
382	65.6
387	65.7
393	65.7
398	65.7
404	65.8
410	65.8
416	66
422	66
428	65.7
434	65.7
441	65.5
447	65.5
454	65.7
460	65.8
467	65.7
474	65.3
481	65.2
488	65.2
495	65.3
502	65.6
509	65.8
517	65.9
524	65.8
532	65.5
540	65.3
547	65.5
555	65.7
563	66
572	66.2
580	66.2
588	66
597	65.8
606	65.7
614	65.6
623	65.7
632	65.8
642	66
651	66
660	65.9
670	65.7
680	65.6
690	65.8
700	66
710	65.9
720	66
731	66.1
741	66
752	66
763	65.8
774	65.8
785	65.9
797	65.9
808	65.7
820	65.7
832	65.8
844	65.8
856	65.7
869	65.6
882	65.7
894	65.8
907	65.9
921	66.1
934	66.2
948	66.3
961	66.2
975	66.2
990	66.2
1004	66
1019	66.1
1033	66.4
1048	66.5
1064	66.5
1079	66.6
1095	66.7
1111	66.8
1127	67
1143	67.1
1160	67.2
1177	67.5
1194	67.6
1211	67.8
1229	68
1247	68.1
1265	68.2
1283	68.3
1302	68.5
1321	68.5
1340	68.5
1360	68.6
1379	68.8
1399	69.1
1420	69.3
1440	69.4
1461	69.6
1483	69.7
1504	69.8
1526	69.8
1548	69.8
1571	69.9
1594	70.1
1617	70.1
1640	69.9
1664	69.9
1688	70
1713	70.2
1738	70.3
1763	70.4
1789	70.5
1815	70.7
1841	70.8
1868	71
1895	71.2
1923	71.2
1951	71.3
1979	71.4
2008	71.5
2037	71.6
2067	71.7
2097	71.8
2127	71.9
2158	71.9
2190	72
2221	72.1
2254	72.2
2287	72.3
2320	72.4
2354	72.4
2388	72.4
2423	72.6
2458	72.8
2494	72.8
2530	73
2567	73
2604	73
2642	73
2680	73
2719	72.9
2759	72.9
2799	72.9
2840	72.9
2881	72.8
2923	72.9
2965	72.8
3008	72.8
3052	72.7
3097	72.5
3142	72.4
3187	72.3
3234	72.2
3281	72.3
3328	72.3
3377	72.2
3426	72.2
3476	72.2
3526	72.1
3578	72
3630	72
3682	72
3736	72
3790	72
3846	72
3901	71.8
3958	71.7
4016	71.6
4074	71.4
4133	71.2
4194	71
4255	70.9
4316	70.7
4379	70.6
4443	70.7
4508	70.7
4573	70.7
4640	70.7
4707	70.6
4776	70.6
4845	70.6
4916	70.6
4987	70.6
5060	70.5
5133	70.5
5208	70.5
5284	70.5
5360	70.4
5438	70.3
5518	70.3
5598	70.3
5679	70.2
5762	70.1
5846	70
5931	69.9
6017	69.8
6104	69.7
6193	69.7
6283	69.7
6375	69.7
6467	69.8
6561	69.9
6657	69.8
6754	69.9
6852	70
6952	70.2
7053	70.5
7155	70.9
7259	71.2
7365	71.6
7472	72.1
7581	72.5
7691	73
7803	73.5
7916	73.7
8032	73.8
8148	73.7
8267	73.5
8387	73
8509	72.5
8633	71.9
8758	71.3
8886	70.9
9015	70.6
9146	70.2
9279	69.9
9414	69.7
9551	69.6
9690	69.4
9831	69.3
9974	69
10119	68.8
10266	68.6
10416	68.4
10567	68.2
10721	68.1
10877	68.1
11035	68
11196	67.9
11358	67.8
11524	67.8
11691	67.7
11861	67.7
12034	67.7
12209	67.7
12386	67.7
12567	67.7
12749	67.7
12935	67.8
13123	67.9
13314	68
13507	68.1
13704	68.4
13903	68.7
14105	69.1
14311	69.6
14519	69.9
14730	70
14944	69.7
15162	69.3
15382	68.7
15606	68.4
15833	68.1
16063	67.7
16297	67.3
16534	67
16774	66.7
17018	66.5
17266	66.3
17517	66.1
17772	65.9
18030	65.9
18293	66
18559	66.4
18829	66.8
19102	66.4
19380	65.2
20000	64.2
overall dB	96.1 dB
decay	Average
averaging	1/12 Octave
source	Headset Microphone 1 Low Range
latitude	0
longitude	0
saved	2024/06/29 18:52
peak	16.1Hz
