FFT	AudioTools 	v17.10 (4) iPad battery 100%	2024/06/29 19:34	Headset Microphone 1 Low Range	EB05A3E2-10AC-49FE-A287-06AC06EBE5AD
Frequency	dB	Unweighted
19.5	73.3
19.8	73.3
20.1	73.3
20.3	73.4
20.6	73.4
20.9	73.5
21.2	73.6
21.6	73.7
21.9	73.7
22.2	73.8
22.5	73.7
22.8	73.7
23.2	73.6
23.5	73.5
23.8	73.4
24.2	73.3
24.5	73.3
24.9	73.3
25.3	73.4
25.6	73.4
26	73.5
26.4	73.6
26.8	73.6
27.2	73.6
27.5	73.6
28	73.6
28.4	73.5
28.8	73.5
29.2	73.5
29.6	73.6
30	73.7
30.5	73.7
30.9	73.8
31.4	73.8
31.8	73.8
32.3	73.8
32.8	73.8
33.2	73.8
33.7	73.8
34.2	73.7
34.7	73.6
35.2	73.5
35.7	73.4
36.2	73.3
36.8	73.2
37.3	73.3
37.9	73.3
38.4	73.5
39	73.5
39.5	73.6
40.1	73.5
40.7	73.5
41.3	73.4
41.9	73.4
42.5	73.5
43.1	73.6
43.7	73.6
44.4	73.7
45	73.6
45.7	73.4
46.3	73.2
47	72.9
47.7	72.7
48.4	72.5
49.1	72.4
49.8	72.3
50.5	72.3
51.3	72.2
52	72.1
52.8	72.1
53.5	72.1
54.3	72.1
55.1	72
55.9	71.9
56.7	71.9
57.5	72
58.4	72.1
59.2	72.3
60.1	72.4
61	72.4
61.8	72.3
62.7	72.1
63.7	72
64.6	71.9
65.5	71.9
66.5	71.8
67.4	71.7
68.4	71.5
69.4	71.4
70.4	71.3
71.5	71.2
72.5	71.1
73.5	70.9
74.6	70.8
75.7	70.9
76.8	71
77.9	70.9
79.1	70.9
80.2	70.8
81.4	70.8
82.6	70.7
83.8	70.5
85	70.3
86.2	70.3
87.5	70.3
88.7	70.2
90	70
91.3	70
92.7	70.1
94	70.2
95.4	70.2
96.8	70.4
98.2	70.3
99.6	70.1
101	70
103	69.8
104	69.8
106	69.9
107	70
109	69.9
110	69.7
112	69.6
113	69.5
115	69.3
117	69.2
118	69.3
120	69.5
122	69.7
124	69.5
125	68.9
127	68.7
129	68.6
131	68.7
133	68.6
135	68.5
137	68.4
139	68.1
141	68.1
143	68.3
145	68.4
147	68.5
149	68.4
151	68.4
154	68.4
156	68.2
158	68.1
160	68
163	68.1
165	68
168	67.7
170	67.6
172	67.8
175	67.9
177	67.8
180	67.7
183	67.7
185	67.7
188	67.7
191	67.6
194	67.5
196	67.7
199	67.9
202	67.7
205	67.4
208	67.2
211	67.3
214	67.3
217	67
220	66.9
224	66.9
227	66.7
230	66.5
234	66.6
237	66.9
240	67
244	66.8
247	66.9
251	67.1
255	67
258	66.8
262	66.9
266	66.9
270	66.9
274	66.7
278	66.3
282	66
286	66.1
290	66.3
294	66.4
298	66.4
303	66.4
307	66.6
312	66.5
316	66.3
321	66.1
325	66.2
330	66.2
335	66.3
340	66.1
345	66
350	66.2
355	66.3
360	66
365	65.9
371	65.8
376	65.8
382	65.8
387	65.8
393	65.7
398	65.8
404	66.1
410	66.3
416	66.4
422	66.2
428	66.1
434	66.1
441	65.9
447	65.8
454	65.9
460	66
467	66.1
474	65.8
481	65.6
488	65.5
495	65.6
502	65.8
509	66
517	66.1
524	66.1
532	65.9
540	65.6
547	65.7
555	66
563	66.3
572	66.4
580	66.3
588	66.2
597	66.2
606	66
614	65.9
623	66
632	66.1
642	66.1
651	66.1
660	66
670	65.8
680	65.9
690	66.1
700	66.3
710	66.2
720	66.2
731	66.4
741	66.3
752	66.3
763	66.2
774	66
785	66.2
797	66.3
808	66.2
820	66.2
832	66.3
844	66.3
856	66.3
869	66.2
882	66.2
894	66.4
907	66.5
921	66.7
934	66.8
948	66.8
961	66.8
975	66.9
990	66.9
1004	66.8
1019	66.8
1033	67.1
1048	67.2
1064	67.2
1079	67.3
1095	67.3
1111	67.3
1127	67.5
1143	67.7
1160	67.9
1177	68
1194	68.1
1211	68.2
1229	68.3
1247	68.4
1265	68.6
1283	68.7
1302	68.8
1321	68.9
1340	68.8
1360	68.9
1379	69
1399	69.2
1420	69.4
1440	69.5
1461	69.7
1483	69.7
1504	69.7
1526	69.8
1548	69.7
1571	69.9
1594	70.1
1617	70.2
1640	70.1
1664	70
1688	70.2
1713	70.3
1738	70.4
1763	70.6
1789	70.7
1815	70.8
1841	70.8
1868	70.9
1895	71.1
1923	71.1
1951	71.2
1979	71.3
2008	71.4
2037	71.5
2067	71.6
2097	71.7
2127	71.8
2158	71.9
2190	72
2221	72.1
2254	72.1
2287	72.3
2320	72.4
2354	72.4
2388	72.4
2423	72.6
2458	72.7
2494	72.8
2530	72.9
2567	73
2604	72.9
2642	73
2680	73
2719	72.9
2759	72.9
2799	73
2840	72.9
2881	72.9
2923	72.9
2965	72.9
3008	72.9
3052	72.8
3097	72.5
3142	72.4
3187	72.4
3234	72.3
3281	72.3
3328	72.3
3377	72.2
3426	72.3
3476	72.2
3526	72.1
3578	72.1
3630	72
3682	72
3736	72
3790	71.9
3846	71.9
3901	71.8
3958	71.7
4016	71.6
4074	71.4
4133	71.3
4194	71.2
4255	71
4316	70.9
4379	70.9
4443	71
4508	71
4573	71
4640	70.9
4707	70.7
4776	70.7
4845	70.7
4916	70.7
4987	70.7
5060	70.7
5133	70.7
5208	70.7
5284	70.7
5360	70.6
5438	70.5
5518	70.5
5598	70.5
5679	70.4
5762	70.3
5846	70.1
5931	70.1
6017	70
6104	69.9
6193	69.9
6283	69.8
6375	69.8
6467	69.8
6561	69.9
6657	69.9
6754	70
6852	70.2
6952	70.4
7053	70.7
7155	71
7259	71.5
7365	71.9
7472	72.3
7581	72.7
7691	73.1
7803	73.3
7916	73.2
8032	73
8148	72.7
8267	72.3
8387	71.7
8509	71.1
8633	70.5
8758	70
8886	69.6
9015	69.3
9146	68.9
9279	68.7
9414	68.5
9551	68.3
9690	68.2
9831	68.1
9974	67.9
10119	67.7
10266	67.6
10416	67.4
10567	67.3
10721	67.2
10877	67.2
11035	67
11196	66.9
11358	66.8
11524	66.8
11691	66.7
11861	66.6
12034	66.5
12209	66.5
12386	66.4
12567	66.4
12749	66.4
12935	66.3
13123	66.3
13314	66.3
13507	66.3
13704	66.2
13903	66.3
14105	66.4
14311	66.7
14519	67
14730	67.6
14944	68.4
15162	69.2
15382	69.7
15606	69.3
15833	68.6
16063	67.7
16297	66.8
16534	66
16774	65.5
17018	65
17266	64.7
17517	64.4
17772	64.1
18030	63.8
18293	63.5
18559	63.2
18829	62.8
19102	62.3
19380	61.6
20000	61.2
overall dB	95.9 dB
decay	Average
averaging	1/12 Octave
source	Headset Microphone 1 Low Range
latitude	0
longitude	0
saved	2024/06/29 19:34
peak	16.1Hz
