FFT	AudioTools 	v17.6 (3) iPad battery  61%	2024/04/29 13:07	Headset Microphone 1 Low Range	EB05A3E2-10AC-49FE-A287-06AC06EBE5AD
Frequency	dB	Unweighted
19.5	71.3
19.8	71.4
20.1	71.5
20.3	71.6
20.6	71.7
20.9	71.7
21.2	71.7
21.6	71.7
21.9	71.7
22.2	71.7
22.5	71.8
22.8	71.8
23.2	71.9
23.5	72.1
23.8	72.2
24.2	72.4
24.5	72.6
24.9	72.8
25.3	73.1
25.6	73.3
26	73.5
26.4	73.6
26.8	73.6
27.2	73.6
27.5	73.6
28	73.5
28.4	73.4
28.8	73.4
29.2	73.4
29.6	73.4
30	73.4
30.5	73.5
30.9	73.7
31.4	73.9
31.8	74.1
32.3	74.3
32.8	74.5
33.2	74.6
33.7	74.8
34.2	74.9
34.7	74.9
35.2	75
35.7	75
36.2	75
36.8	75.1
37.3	75.1
37.9	75.1
38.4	75.1
39	75.2
39.5	75.2
40.1	75.3
40.7	75.5
41.3	75.7
41.9	75.8
42.5	75.9
43.1	75.8
43.7	75.7
44.4	75.6
45	75.4
45.7	75.2
46.3	75
47	74.9
47.7	74.8
48.4	74.8
49.1	74.8
49.8	74.7
50.5	74.7
51.3	74.7
52	74.8
52.8	74.9
53.5	75
54.3	75.1
55.1	75.1
55.9	75.1
56.7	75.2
57.5	75.1
58.4	75.1
59.2	75
60.1	74.9
61	74.9
61.8	74.8
62.7	74.7
63.7	74.5
64.6	74.3
65.5	74.2
66.5	74
67.4	73.9
68.4	73.8
69.4	73.8
70.4	73.9
71.5	73.9
72.5	73.9
73.5	73.7
74.6	73.5
75.7	73.5
76.8	73.4
77.9	73.3
79.1	73.1
80.2	72.8
81.4	72.5
82.6	72.4
83.8	72.6
85	72.8
86.2	72.7
87.5	72.5
88.7	72.3
90	72.1
91.3	72.1
92.7	71.9
94	71.8
95.4	71.8
96.8	71.7
98.2	71.5
99.6	71.1
101	70.8
103	70.6
104	70.5
106	70.3
107	70
109	69.8
110	69.6
112	69.5
113	69.6
115	69.7
117	69.8
118	69.8
120	69.9
122	70
124	69.9
125	69.5
127	69
129	68.8
131	68.7
133	68.6
135	68.4
137	68.4
139	68.2
141	68.1
143	68
145	68
147	68
149	67.9
151	67.7
154	67.6
156	67.5
158	67.3
160	67.2
163	67.3
165	67.3
168	67.2
170	66.9
172	66.6
175	66.4
177	66.2
180	66.1
183	65.8
185	65.8
188	65.8
191	65.9
194	65.9
196	65.9
199	66
202	66.1
205	66.2
208	66.2
211	66.2
214	66.3
217	66.3
220	66.1
224	65.9
227	65.7
230	65.5
234	65.4
237	65.5
240	65.3
244	65
247	64.9
251	65
255	64.9
258	64.8
262	64.6
266	64.4
270	64.5
274	64.5
278	64.3
282	64
286	63.8
290	63.6
294	63.4
298	63.5
303	63.7
307	63.8
312	63.7
316	63.5
321	63.4
325	63.3
330	63.2
335	63.1
340	63.1
345	62.9
350	62.7
355	62.8
360	62.7
365	62.5
371	62.5
376	62.4
382	62.4
387	62.3
393	62.1
398	62.1
404	62.2
410	62.1
416	62
422	62
428	62
434	62.1
441	62
447	61.9
454	62
460	62.1
467	61.8
474	61.7
481	61.6
488	61.6
495	61.6
502	61.6
509	61.6
517	61.4
524	61.4
532	61.3
540	61.3
547	61.2
555	61.2
563	61.2
572	61.2
580	61.1
588	61
597	60.9
606	60.8
614	60.7
623	60.7
632	60.6
642	60.5
651	60.5
660	60.7
670	60.8
680	60.9
690	60.7
700	60.7
710	60.8
720	60.9
731	61
741	60.9
752	60.8
763	60.7
774	60.7
785	60.5
797	60.6
808	60.7
820	60.9
832	61
844	61
856	60.8
869	60.6
882	60.5
894	60.6
907	60.7
921	60.8
934	60.8
948	60.9
961	61
975	61
990	61
1004	61
1019	61.1
1033	61.3
1048	61.4
1064	61.4
1079	61.5
1095	61.6
1111	61.7
1127	62
1143	62.2
1160	62.3
1177	62.4
1194	62.5
1211	62.5
1229	62.6
1247	62.8
1265	63
1283	63.1
1302	63.1
1321	63.2
1340	63.3
1360	63.4
1379	63.5
1399	63.6
1420	63.7
1440	63.8
1461	63.9
1483	63.9
1504	64
1526	64.2
1548	64.3
1571	64.4
1594	64.5
1617	64.6
1640	64.7
1664	64.9
1688	64.9
1713	65.1
1738	65.3
1763	65.4
1789	65.4
1815	65.7
1841	65.9
1868	66
1895	66.1
1923	66.3
1951	66.5
1979	66.7
2008	66.8
2037	67
2067	67.1
2097	67.3
2127	67.5
2158	67.9
2190	68.2
2221	68.4
2254	68.6
2287	68.8
2320	69
2354	69.2
2388	69.4
2423	69.8
2458	70
2494	70.3
2530	70.6
2567	70.8
2604	71.1
2642	71.3
2680	71.7
2719	71.9
2759	72.3
2799	72.5
2840	72.6
2881	72.8
2923	72.9
2965	73
3008	72.9
3052	72.9
3097	72.9
3142	72.8
3187	72.6
3234	72.4
3281	72.2
3328	72
3377	71.8
3426	71.5
3476	71.3
3526	71
3578	70.7
3630	70.5
3682	70.2
3736	69.9
3790	69.7
3846	69.5
3901	69.2
3958	69
4016	68.7
4074	68.5
4133	68.3
4194	68.2
4255	67.9
4316	67.7
4379	67.6
4443	67.5
4508	67.3
4573	67.2
4640	67
4707	66.9
4776	66.8
4845	66.8
4916	66.9
4987	66.8
5060	66.8
5133	66.7
5208	66.7
5284	66.7
5360	66.7
5438	66.7
5518	66.7
5598	66.8
5679	66.8
5762	66.8
5846	66.9
5931	67
6017	67.1
6104	67.2
6193	67.2
6283	67.4
6375	67.6
6467	67.9
6561	68.4
6657	68.8
6754	69.2
6852	69.7
6952	70.2
7053	70.9
7155	71.7
7259	72.5
7365	73.3
7472	73.9
7581	74.3
7691	74.2
7803	73.8
7916	73.2
8032	72.4
8148	71.8
8267	71
8387	70.3
8509	69.6
8633	69
8758	68.4
8886	68
9015	67.6
9146	67.2
9279	67
9414	66.8
9551	66.7
9690	66.6
9831	66.5
9974	66.5
10119	66.6
10266	66.7
10416	66.8
10567	66.9
10721	67.1
10877	67.3
11035	67.6
11196	67.9
11358	68.1
11524	68.4
11691	68.7
11861	68.9
12034	68.8
12209	68.6
12386	68.1
12567	67.5
12749	66.8
12935	66.1
13123	65.4
13314	64.8
13507	64.3
13704	63.9
13903	63.6
14105	63.4
14311	63.3
14519	63.1
14730	63
14944	63
15162	63
15382	62.8
15606	62.2
15833	61.2
16063	60.4
16297	59.8
16534	59.4
16774	58.9
17018	58.6
17266	58.3
17517	58.1
17772	57.8
18030	57.5
18293	57.2
18559	56.9
18829	56.5
19102	56
19380	55.6
20000	55.3
overall dB	95 dB
decay	Average
averaging	1/12 Octave
source	Headset Microphone 1 Low Range
latitude	0
longitude	0
saved	2024/04/29 13:07
peak	42.5Hz
