FFT	AudioTools 	v17.12 (3) iPad battery 100%	2024/08/22 21:55	Headset Microphone 1 Low Range	EB05A3E2-10AC-49FE-A287-06AC06EBE5AD
Frequency	dB	Unweighted
19.5	57
19.8	57
20.1	57
20.3	56.9
20.6	56.9
20.9	56.9
21.2	56.9
21.6	56.9
21.9	56.9
22.2	56.9
22.5	57
22.8	57
23.2	57.1
23.5	57.2
23.8	57.3
24.2	57.4
24.5	57.4
24.9	57.5
25.3	57.6
25.6	57.7
26	57.8
26.4	57.9
26.8	57.9
27.2	57.9
27.5	57.9
28	57.9
28.4	57.8
28.8	57.8
29.2	57.7
29.6	57.6
30	57.5
30.5	57.4
30.9	57.4
31.4	57.4
31.8	57.4
32.3	57.4
32.8	57.5
33.2	57.5
33.7	57.6
34.2	57.7
34.7	57.8
35.2	57.8
35.7	57.9
36.2	57.9
36.8	57.9
37.3	57.9
37.9	57.8
38.4	57.8
39	57.8
39.5	57.7
40.1	57.6
40.7	57.5
41.3	57.3
41.9	57.1
42.5	57
43.1	57
43.7	57.1
44.4	57.1
45	57
45.7	56.9
46.3	56.8
47	56.8
47.7	56.9
48.4	57
49.1	57.2
49.8	57.3
50.5	57.3
51.3	57.3
52	57.2
52.8	57.2
53.5	57.2
54.3	57.1
55.1	56.9
55.9	56.8
56.7	56.9
57.5	57
58.4	57
59.2	57
60.1	56.8
61	56.4
61.8	56.2
62.7	56
63.7	56
64.6	56
65.5	56.1
66.5	56.1
67.4	56.1
68.4	56.2
69.4	56.2
70.4	56.2
71.5	56.4
72.5	56.5
73.5	56.3
74.6	56
75.7	55.6
76.8	55.5
77.9	55.6
79.1	55.8
80.2	55.9
81.4	56
82.6	55.9
83.8	55.8
85	55.8
86.2	55.9
87.5	55.8
88.7	55.8
90	55.9
91.3	55.6
92.7	55.3
94	55.2
95.4	55.1
96.8	55.1
98.2	55.3
99.6	55.5
101	55.6
103	55.5
104	55.1
106	54.7
107	54.8
109	54.7
110	54.6
112	54.3
113	54.2
115	54.2
117	54.2
118	54.2
120	54.1
122	54.1
124	54
125	53.7
127	53.3
129	52.9
131	52.6
133	52.4
135	52.4
137	52.4
139	52.3
141	52.2
143	52
145	52
147	51.7
149	51.5
151	51.5
154	51.4
156	51.3
158	51.2
160	51
163	50.8
165	50.6
168	50.4
170	50.4
172	50.3
175	50.1
177	50
180	50.1
183	50
185	49.8
188	49.7
191	49.7
194	49.6
196	49.5
199	49.4
202	49.3
205	49.2
208	49.1
211	49.1
214	49.2
217	49.1
220	49
224	48.9
227	48.8
230	48.9
234	49
237	49
240	48.9
244	48.9
247	48.8
251	48.8
255	48.7
258	48.6
262	48.6
266	48.8
270	48.9
274	48.9
278	48.8
282	48.7
286	48.6
290	48.7
294	48.7
298	48.7
303	48.7
307	48.8
312	48.8
316	48.9
321	48.9
325	48.9
330	48.9
335	48.8
340	48.6
345	48.6
350	48.7
355	48.7
360	48.7
365	48.8
371	48.8
376	48.8
382	48.8
387	48.8
393	48.8
398	48.8
404	48.7
410	48.7
416	48.8
422	48.8
428	48.9
434	48.8
441	48.7
447	48.8
454	48.8
460	48.7
467	48.7
474	48.6
481	48.6
488	48.6
495	48.5
502	48.6
509	48.7
517	48.6
524	48.5
532	48.5
540	48.6
547	48.6
555	48.5
563	48.4
572	48.5
580	48.6
588	48.5
597	48.4
606	48.4
614	48.3
623	48.3
632	48.2
642	48.2
651	48.2
660	48.2
670	48.1
680	48.1
690	48.1
700	48.1
710	48
720	48
731	48
741	47.9
752	47.9
763	47.8
774	47.7
785	47.7
797	47.7
808	47.7
820	47.6
832	47.7
844	47.7
856	47.6
869	47.5
882	47.5
894	47.6
907	47.5
921	47.4
934	47.5
948	47.5
961	47.5
975	47.4
990	47.5
1004	47.5
1019	47.5
1033	47.6
1048	47.6
1064	47.8
1079	47.9
1095	47.9
1111	48
1127	48.2
1143	48.3
1160	48.3
1177	48.6
1194	48.7
1211	48.7
1229	48.9
1247	49
1265	49.2
1283	49.3
1302	49.4
1321	49.5
1340	49.6
1360	49.7
1379	49.8
1399	49.9
1420	49.9
1440	49.9
1461	50
1483	50
1504	50.1
1526	50.2
1548	50.3
1571	50.4
1594	50.3
1617	50.4
1640	50.5
1664	50.6
1688	50.7
1713	50.8
1738	50.8
1763	50.9
1789	51
1815	51.1
1841	51.2
1868	51.3
1895	51.4
1923	51.6
1951	51.8
1979	51.9
2008	52.1
2037	52.2
2067	52.4
2097	52.6
2127	52.7
2158	52.9
2190	53.1
2221	53.3
2254	53.5
2287	53.7
2320	54
2354	54.3
2388	54.5
2423	54.7
2458	54.8
2494	55.1
2530	55.2
2567	55.4
2604	55.5
2642	55.8
2680	56
2719	56.2
2759	56.4
2799	56.5
2840	56.7
2881	56.9
2923	57
2965	57
3008	57.1
3052	57.2
3097	57.2
3142	57.2
3187	57.2
3234	57.1
3281	57
3328	56.9
3377	56.9
3426	56.8
3476	56.7
3526	56.6
3578	56.4
3630	56.2
3682	56.1
3736	55.9
3790	55.7
3846	55.5
3901	55.4
3958	55.2
4016	55.2
4074	55.2
4133	55.2
4194	55.2
4255	55.3
4316	55.2
4379	55.2
4443	55.2
4508	55.1
4573	55
4640	54.9
4707	54.8
4776	54.7
4845	54.6
4916	54.4
4987	54.2
5060	53.9
5133	53.6
5208	53.3
5284	53
5360	52.7
5438	52.4
5518	52.1
5598	51.8
5679	51.6
5762	51.4
5846	51.2
5931	51.2
6017	51.2
6104	51.1
6193	51.1
6283	51.2
6375	51.2
6467	51.3
6561	51.5
6657	51.8
6754	52.3
6852	52.8
6952	53.4
7053	54
7155	54.6
7259	55.1
7365	55.4
7472	55.5
7581	55.3
7691	54.9
7803	54.4
7916	53.9
8032	53.3
8148	52.9
8267	52.5
8387	52.2
8509	51.9
8633	51.7
8758	51.6
8886	51.5
9015	51.5
9146	51.5
9279	51.4
9414	51.3
9551	51.2
9690	51
9831	50.8
9974	50.6
10119	50.5
10266	50.5
10416	50.5
10567	50.6
10721	50.7
10877	50.8
11035	51
11196	51.2
11358	51.4
11524	51.7
11691	51.8
11861	51.7
12034	51.4
12209	50.8
12386	50
12567	49.1
12749	48.1
12935	47.1
13123	46.2
13314	45.5
13507	44.8
13704	44.3
13903	44
14105	43.8
14311	43.7
14519	43.7
14730	44
14944	44.3
15162	44.9
15382	46.1
15606	47.1
15833	48
16063	48.8
16297	49.3
16534	49.7
16774	49.9
17018	50.3
17266	50.8
17517	51.4
17772	51.3
18030	50.1
18293	48
18559	45.3
18829	42.6
19102	39.9
19380	37.1
20000	35
overall dB	79.6 dB
decay	Average
averaging	1/12 Octave
source	Headset Microphone 1 Low Range
latitude	0
longitude	0
saved	2024/08/22 21:55
peak	14.6Hz
