FFT	AudioTools 	v17.4 (100) iPad battery 100%	2024/03/17 14:13	Headset Microphone 1 Low Range	EB05A3E2-10AC-49FE-A287-06AC06EBE5AD
Frequency	dB	Unweighted
19.5	71.1
19.8	71.1
20.1	71.2
20.3	71.2
20.6	71.3
20.9	71.3
21.2	71.4
21.6	71.5
21.9	71.5
22.2	71.6
22.5	71.6
22.8	71.6
23.2	71.6
23.5	71.6
23.8	71.6
24.2	71.7
24.5	71.7
24.9	71.8
25.3	71.9
25.6	72
26	72.1
26.4	72.1
26.8	72.1
27.2	72.1
27.5	72
28	72
28.4	72
28.8	72
29.2	72
29.6	72
30	72.1
30.5	72.1
30.9	72.1
31.4	72.1
31.8	72.1
32.3	72.1
32.8	72.1
33.2	72.1
33.7	72.2
34.2	72.2
34.7	72.2
35.2	72.2
35.7	72.2
36.2	72.2
36.8	72.2
37.3	72.3
37.9	72.3
38.4	72.3
39	72.4
39.5	72.3
40.1	72.2
40.7	72.1
41.3	71.9
41.9	71.8
42.5	71.8
43.1	72
43.7	72.1
44.4	72.1
45	72.1
45.7	72
46.3	71.9
47	71.8
47.7	71.8
48.4	71.8
49.1	71.7
49.8	71.7
50.5	71.7
51.3	71.7
52	71.7
52.8	71.6
53.5	71.6
54.3	71.5
55.1	71.3
55.9	71.2
56.7	71.3
57.5	71.3
58.4	71.4
59.2	71.6
60.1	71.6
61	71.6
61.8	71.5
62.7	71.3
63.7	71.2
64.6	71.2
65.5	71.2
66.5	71.2
67.4	71.2
68.4	71.3
69.4	71.2
70.4	71.1
71.5	71
72.5	70.8
73.5	70.6
74.6	70.6
75.7	70.6
76.8	70.6
77.9	70.6
79.1	70.6
80.2	70.5
81.4	70.4
82.6	70.3
83.8	70
85	69.9
86.2	69.8
87.5	69.8
88.7	69.7
90	69.6
91.3	69.6
92.7	69.6
94	69.6
95.4	69.5
96.8	69.5
98.2	69.4
99.6	69.3
101	69.3
103	69.2
104	69.2
106	69.3
107	69.2
109	69.2
110	69.1
112	69
113	68.8
115	68.6
117	68.5
118	68.5
120	68.6
122	68.7
124	68.6
125	68.4
127	68.3
129	68.1
131	68
133	67.9
135	67.7
137	67.7
139	67.8
141	67.9
143	68
145	67.8
147	67.5
149	67.5
151	67.7
154	67.7
156	67.5
158	67.3
160	67.2
163	67.1
165	66.9
168	66.8
170	66.7
172	66.6
175	66.6
177	66.5
180	66.3
183	66.1
185	66.1
188	66.1
191	66
194	65.9
196	65.9
199	65.9
202	65.8
205	65.6
208	65.7
211	65.8
214	65.9
217	65.7
220	65.3
224	65.1
227	64.9
230	64.8
234	64.9
237	65
240	64.9
244	64.8
247	64.8
251	64.8
255	64.8
258	64.7
262	64.7
266	64.7
270	64.6
274	64.5
278	64.2
282	64.2
286	64
290	64.1
294	64.2
298	64.2
303	64.2
307	64.2
312	64.1
316	64
321	63.9
325	63.8
330	63.7
335	63.8
340	63.7
345	63.7
350	63.6
355	63.5
360	63.3
365	63.3
371	63.4
376	63.4
382	63.3
387	63.2
393	63
398	63
404	63
410	63.1
416	63.1
422	63.1
428	63.1
434	63.1
441	62.9
447	62.7
454	62.6
460	62.6
467	62.5
474	62.4
481	62.3
488	62.3
495	62.4
502	62.4
509	62.5
517	62.6
524	62.6
532	62.5
540	62.4
547	62.5
555	62.5
563	62.4
572	62.4
580	62.4
588	62.4
597	62.3
606	62.2
614	62.2
623	62.2
632	62.3
642	62.3
651	62.2
660	62.1
670	62.1
680	62
690	62
700	62.1
710	62.2
720	62.2
731	62.2
741	62.2
752	62.3
763	62.2
774	62.2
785	62.3
797	62.3
808	62.2
820	62.3
832	62.4
844	62.6
856	62.7
869	62.6
882	62.5
894	62.5
907	62.7
921	62.7
934	62.8
948	62.9
961	63
975	63
990	63
1004	63
1019	63.1
1033	63.2
1048	63.3
1064	63.4
1079	63.6
1095	63.7
1111	63.7
1127	63.7
1143	63.9
1160	64
1177	64.4
1194	64.5
1211	64.6
1229	64.7
1247	64.7
1265	64.9
1283	65
1302	65.1
1321	65.2
1340	65.2
1360	65.3
1379	65.5
1399	65.7
1420	65.8
1440	65.8
1461	65.9
1483	66.1
1504	66.2
1526	66.3
1548	66.3
1571	66.4
1594	66.6
1617	66.6
1640	66.7
1664	66.8
1688	66.9
1713	66.9
1738	67
1763	67.2
1789	67.2
1815	67.4
1841	67.5
1868	67.6
1895	67.6
1923	67.7
1951	67.8
1979	67.9
2008	68
2037	68.1
2067	68.2
2097	68.3
2127	68.4
2158	68.5
2190	68.6
2221	68.6
2254	68.8
2287	68.9
2320	69
2354	69.1
2388	69.1
2423	69.2
2458	69.3
2494	69.3
2530	69.3
2567	69.4
2604	69.5
2642	69.6
2680	69.6
2719	69.7
2759	69.7
2799	69.7
2840	69.7
2881	69.8
2923	69.9
2965	69.8
3008	69.8
3052	69.8
3097	69.8
3142	69.8
3187	69.8
3234	69.7
3281	69.8
3328	69.8
3377	69.7
3426	69.7
3476	69.7
3526	69.6
3578	69.6
3630	69.6
3682	69.5
3736	69.5
3790	69.5
3846	69.4
3901	69.4
3958	69.4
4016	69.4
4074	69.3
4133	69.3
4194	69.2
4255	69.2
4316	69.2
4379	69.1
4443	69.1
4508	69.1
4573	69.1
4640	69
4707	69
4776	68.9
4845	68.9
4916	68.9
4987	68.9
5060	68.8
5133	68.8
5208	68.7
5284	68.7
5360	68.6
5438	68.5
5518	68.4
5598	68.3
5679	68.2
5762	68
5846	67.9
5931	67.8
6017	67.6
6104	67.5
6193	67.4
6283	67.3
6375	67.2
6467	67.1
6561	66.9
6657	66.8
6754	66.8
6852	66.7
6952	66.7
7053	66.6
7155	66.5
7259	66.4
7365	66.2
7472	66.1
7581	66.1
7691	66.1
7803	66.2
7916	66.4
8032	66.6
8148	66.9
8267	67.3
8387	67.9
8509	68.7
8633	69.4
8758	70.3
8886	71.2
9015	71.8
9146	72.2
9279	72.1
9414	71.5
9551	70.6
9690	69.5
9831	68.4
9974	66.8
10119	65.8
10266	64.9
10416	64
10567	63.4
10721	62.9
10877	62.8
11035	62.9
11196	63.2
11358	63.6
11524	63.9
11691	64.2
11861	64.5
12034	64.7
12209	65
12386	65.3
12567	65.6
12749	65.7
12935	65.6
13123	65.2
13314	64.6
13507	63.8
13704	63
13903	62.3
14105	61.3
14311	60.4
14519	59.6
14730	58.8
14944	58.1
15162	57.5
15382	56.7
15606	56.3
15833	56
16063	55.7
16297	55.5
16534	55.3
16774	55.2
17018	55.2
17266	55
17517	54.7
17772	54.4
18030	54.2
18293	54
18559	53.7
18829	53.2
19102	52.6
19380	51.8
20000	51.3
overall dB	92.9 dB
decay	Average
averaging	1/12 Octave
source	Headset Microphone 1 Low Range
latitude	0
longitude	0
saved	2024/03/17 14:13
peak	16.1Hz
