FFT	AudioTools 	v17.12 (3) iPad battery 100%	2024/09/03 21:58	Headset Microphone 1 Low Range	EB05A3E2-10AC-49FE-A287-06AC06EBE5AD
Frequency	dB	Unweighted
19.5	72.2
19.8	72.2
20.1	72.3
20.3	72.4
20.6	72.4
20.9	72.5
21.2	72.6
21.6	72.7
21.9	72.8
22.2	72.8
22.5	72.9
22.8	72.9
23.2	72.9
23.5	72.9
23.8	72.9
24.2	72.8
24.5	72.8
24.9	72.8
25.3	72.8
25.6	72.8
26	72.8
26.4	72.8
26.8	72.9
27.2	72.9
27.5	73
28	73.1
28.4	73.2
28.8	73.3
29.2	73.5
29.6	73.6
30	73.7
30.5	73.8
30.9	73.9
31.4	73.9
31.8	73.9
32.3	73.9
32.8	73.8
33.2	73.8
33.7	73.7
34.2	73.7
34.7	73.7
35.2	73.6
35.7	73.6
36.2	73.6
36.8	73.6
37.3	73.6
37.9	73.6
38.4	73.6
39	73.5
39.5	73.4
40.1	73.3
40.7	73.2
41.3	73.2
41.9	73.2
42.5	73.2
43.1	73.2
43.7	73.2
44.4	73.2
45	73.1
45.7	72.9
46.3	72.8
47	72.6
47.7	72.5
48.4	72.4
49.1	72.3
49.8	72.2
50.5	72.1
51.3	72
52	72
52.8	72
53.5	71.9
54.3	71.9
55.1	71.7
55.9	71.6
56.7	71.6
57.5	71.5
58.4	71.5
59.2	71.6
60.1	71.6
61	71.6
61.8	71.6
62.7	71.5
63.7	71.5
64.6	71.4
65.5	71.4
66.5	71.4
67.4	71.4
68.4	71.3
69.4	71.3
70.4	71.2
71.5	71
72.5	70.9
73.5	70.8
74.6	70.8
75.7	70.8
76.8	70.8
77.9	70.7
79.1	70.6
80.2	70.5
81.4	70.4
82.6	70.3
83.8	70.2
85	70.1
86.2	70.1
87.5	70
88.7	69.9
90	69.8
91.3	69.8
92.7	69.8
94	69.8
95.4	69.7
96.8	69.7
98.2	69.8
99.6	69.8
101	69.8
103	69.8
104	69.8
106	69.8
107	69.8
109	69.7
110	69.6
112	69.5
113	69.5
115	69.5
117	69.5
118	69.6
120	69.6
122	69.5
124	69.3
125	69.2
127	69.1
129	68.9
131	68.8
133	68.7
135	68.7
137	68.7
139	68.7
141	68.7
143	68.6
145	68.6
147	68.5
149	68.6
151	68.6
154	68.5
156	68.4
158	68.3
160	68.2
163	68
165	67.8
168	67.6
170	67.6
172	67.5
175	67.5
177	67.6
180	67.7
183	67.7
185	67.8
188	67.8
191	67.8
194	67.8
196	67.7
199	67.7
202	67.6
205	67.6
208	67.7
211	67.7
214	67.6
217	67.4
220	67.2
224	67.1
227	67
230	67
234	67
237	67
240	67
244	67.1
247	67.2
251	67.3
255	67.3
258	67.3
262	67.3
266	67.3
270	67.3
274	67.2
278	67.2
282	67.1
286	67.1
290	67.1
294	67.1
298	67.1
303	67.1
307	67.1
312	67
316	66.9
321	67
325	66.9
330	66.8
335	66.7
340	66.6
345	66.6
350	66.7
355	66.7
360	66.7
365	66.7
371	66.7
376	66.6
382	66.5
387	66.5
393	66.6
398	66.7
404	66.8
410	66.7
416	66.7
422	66.7
428	66.7
434	66.7
441	66.6
447	66.7
454	66.7
460	66.7
467	66.6
474	66.6
481	66.6
488	66.7
495	66.7
502	66.8
509	66.9
517	66.9
524	66.9
532	66.8
540	66.9
547	67
555	67
563	67
572	66.9
580	66.8
588	66.8
597	66.8
606	66.9
614	66.9
623	66.9
632	66.9
642	66.9
651	66.8
660	66.8
670	66.9
680	66.9
690	66.9
700	66.9
710	66.8
720	66.8
731	66.9
741	66.8
752	66.8
763	66.8
774	66.8
785	66.9
797	66.9
808	67
820	67
832	67
844	67
856	67
869	67
882	67.1
894	67.2
907	67.3
921	67.4
934	67.6
948	67.6
961	67.6
975	67.5
990	67.5
1004	67.5
1019	67.6
1033	67.7
1048	67.9
1064	67.9
1079	68.1
1095	68.2
1111	68.2
1127	68.4
1143	68.5
1160	68.6
1177	68.8
1194	69
1211	69.1
1229	69.2
1247	69.3
1265	69.4
1283	69.5
1302	69.6
1321	69.6
1340	69.7
1360	69.9
1379	70.1
1399	70.2
1420	70.3
1440	70.4
1461	70.4
1483	70.5
1504	70.6
1526	70.7
1548	70.7
1571	70.8
1594	70.8
1617	70.8
1640	70.8
1664	70.9
1688	71
1713	71
1738	71.1
1763	71.2
1789	71.2
1815	71.3
1841	71.4
1868	71.5
1895	71.6
1923	71.6
1951	71.7
1979	71.8
2008	71.9
2037	72.1
2067	72.2
2097	72.4
2127	72.5
2158	72.7
2190	72.8
2221	73
2254	73.2
2287	73.3
2320	73.5
2354	73.7
2388	73.8
2423	74
2458	74.1
2494	74.2
2530	74.2
2567	74.2
2604	74.1
2642	74.1
2680	74
2719	73.9
2759	73.8
2799	73.7
2840	73.6
2881	73.5
2923	73.4
2965	73.3
3008	73.1
3052	73
3097	72.9
3142	72.9
3187	72.9
3234	72.9
3281	73
3328	73.2
3377	73.2
3426	73.3
3476	73.4
3526	73.4
3578	73.5
3630	73.5
3682	73.5
3736	73.5
3790	73.4
3846	73.3
3901	73.2
3958	73
4016	72.8
4074	72.5
4133	72.2
4194	71.9
4255	71.5
4316	71.3
4379	71.1
4443	71.1
4508	71.1
4573	71.1
4640	71.2
4707	71.3
4776	71.5
4845	71.6
4916	71.8
4987	71.8
5060	71.8
5133	71.8
5208	71.6
5284	71.4
5360	71.1
5438	70.9
5518	70.6
5598	70.3
5679	70.1
5762	69.8
5846	69.5
5931	69.3
6017	69.1
6104	69
6193	68.8
6283	68.6
6375	68.5
6467	68.4
6561	68.3
6657	68.2
6754	68.1
6852	68.1
6952	68.1
7053	68.2
7155	68.3
7259	68.5
7365	68.7
7472	69
7581	69.3
7691	69.6
7803	70
7916	70.2
8032	70.3
8148	70.2
8267	70
8387	69.7
8509	69.3
8633	68.9
8758	68.5
8886	68.1
9015	67.7
9146	67.4
9279	67.2
9414	66.9
9551	66.8
9690	66.7
9831	66.6
9974	66.5
10119	66.5
10266	66.6
10416	66.7
10567	66.7
10721	66.8
10877	66.9
11035	67.1
11196	67.2
11358	67.3
11524	67.4
11691	67.5
11861	67.6
12034	67.6
12209	67.6
12386	67.7
12567	67.7
12749	67.8
12935	67.9
13123	68.2
13314	68.4
13507	68.8
13704	69.1
13903	69.5
14105	70
14311	70.3
14519	70.4
14730	70.4
14944	70.5
15162	70.6
15382	70.6
15606	70.5
15833	70.5
16063	70.4
16297	70.4
16534	70.1
16774	69.4
17018	68.5
17266	67.7
17517	67
17772	66.2
18030	65.5
18293	64.8
18559	64
18829	63.3
19102	62.5
19380	61.9
20000	61.5
overall dB	95.7 dB
decay	Average
averaging	1/6 Octave
source	Headset Microphone 1 Low Range
latitude	0
longitude	0
saved	2024/09/03 21:58
peak	17.6Hz
