FFT	AudioTools 	v17.9 (4) iPad battery  94%	2024/06/07 11:23	Headset Microphone 1 Low Range	EB05A3E2-10AC-49FE-A287-06AC06EBE5AD
Frequency	dB	Unweighted
19.5	71.4
19.8	71.4
20.1	71.4
20.3	71.5
20.6	71.5
20.9	71.6
21.2	71.6
21.6	71.7
21.9	71.8
22.2	71.8
22.5	71.9
22.8	71.9
23.2	72
23.5	72
23.8	72.1
24.2	72.2
24.5	72.3
24.9	72.4
25.3	72.6
25.6	72.7
26	72.8
26.4	72.9
26.8	73
27.2	73
27.5	73
28	73
28.4	72.9
28.8	72.9
29.2	72.8
29.6	72.8
30	72.7
30.5	72.6
30.9	72.5
31.4	72.4
31.8	72.4
32.3	72.3
32.8	72.3
33.2	72.3
33.7	72.3
34.2	72.3
34.7	72.3
35.2	72.4
35.7	72.4
36.2	72.4
36.8	72.4
37.3	72.4
37.9	72.5
38.4	72.5
39	72.5
39.5	72.4
40.1	72.3
40.7	72.2
41.3	72.2
41.9	72.2
42.5	72.3
43.1	72.5
43.7	72.7
44.4	72.8
45	72.9
45.7	72.8
46.3	72.6
47	72.4
47.7	72.2
48.4	72.1
49.1	72.1
49.8	72.2
50.5	72.3
51.3	72.3
52	72.3
52.8	72.2
53.5	72.2
54.3	72.1
55.1	72
55.9	71.8
56.7	71.8
57.5	71.8
58.4	71.8
59.2	72
60.1	72.1
61	72.1
61.8	72
62.7	71.9
63.7	71.8
64.6	71.7
65.5	71.7
66.5	71.6
67.4	71.5
68.4	71.3
69.4	71.1
70.4	70.9
71.5	70.8
72.5	70.6
73.5	70.5
74.6	70.5
75.7	70.6
76.8	70.7
77.9	70.7
79.1	70.7
80.2	70.7
81.4	70.5
82.6	70.2
83.8	69.9
85	69.7
86.2	69.6
87.5	69.8
88.7	69.9
90	69.9
91.3	69.8
92.7	69.8
94	69.8
95.4	69.8
96.8	69.6
98.2	69.2
99.6	69.1
101	69.2
103	69.5
104	69.6
106	69.7
107	69.7
109	69.6
110	69.5
112	69.3
113	69
115	68.8
117	68.8
118	68.8
120	68.9
122	69
124	68.9
125	68.7
127	68.8
129	69
131	69
133	69
135	68.7
137	68.4
139	68.4
141	68.5
143	68.6
145	68.6
147	68.6
149	68.7
151	68.9
154	68.8
156	68.6
158	68.4
160	68.3
163	68.1
165	67.7
168	67.6
170	67.5
172	67.6
175	67.7
177	67.5
180	67.2
183	66.9
185	67
188	67
191	66.9
194	66.8
196	66.9
199	66.8
202	66.7
205	66.7
208	66.7
211	66.8
214	66.7
217	66.6
220	66.4
224	66.2
227	66.1
230	65.9
234	66
237	66.1
240	66.2
244	66
247	66
251	66.1
255	66.2
258	66.1
262	66.1
266	65.9
270	65.7
274	65.6
278	65.4
282	65.3
286	65.3
290	65.4
294	65.3
298	65.2
303	65.3
307	65.2
312	65
316	65
321	65
325	65
330	64.9
335	64.9
340	64.8
345	64.6
350	64.4
355	64.3
360	64.2
365	64.2
371	64.4
376	64.5
382	64.5
387	64.3
393	64.1
398	64
404	64.2
410	64.4
416	64.4
422	64.4
428	64.6
434	64.7
441	64.5
447	64.2
454	63.9
460	63.7
467	63.6
474	63.6
481	63.7
488	63.8
495	63.7
502	63.8
509	64
517	64.1
524	64.2
532	64.1
540	64
547	64.1
555	64.1
563	63.9
572	64
580	64.2
588	64.1
597	64
606	64
614	64.1
623	64.1
632	64.1
642	64.1
651	64.1
660	64
670	63.9
680	63.9
690	64
700	64
710	64
720	64.1
731	64.3
741	64.4
752	64.4
763	64.4
774	64.3
785	64.4
797	64.5
808	64.4
820	64.5
832	64.5
844	64.6
856	64.6
869	64.7
882	64.7
894	64.8
907	64.9
921	65
934	65
948	65
961	65.2
975	65.2
990	65.2
1004	65.2
1019	65.4
1033	65.6
1048	65.7
1064	65.8
1079	66
1095	66.1
1111	66.1
1127	66.3
1143	66.4
1160	66.6
1177	67.1
1194	67.2
1211	67.4
1229	67.5
1247	67.5
1265	67.6
1283	67.8
1302	68
1321	68.1
1340	68.2
1360	68.4
1379	68.7
1399	68.9
1420	69
1440	69
1461	69.1
1483	69.3
1504	69.4
1526	69.5
1548	69.5
1571	69.6
1594	69.7
1617	69.8
1640	69.8
1664	69.9
1688	70
1713	70
1738	70.1
1763	70.3
1789	70.4
1815	70.4
1841	70.5
1868	70.5
1895	70.5
1923	70.4
1951	70.5
1979	70.4
2008	70.3
2037	70.3
2067	70.3
2097	70.2
2127	70.2
2158	70.2
2190	70.1
2221	70
2254	70.1
2287	70.1
2320	70.2
2354	70.1
2388	70.1
2423	70
2458	70
2494	70
2530	70
2567	70
2604	69.9
2642	69.9
2680	69.9
2719	69.9
2759	69.8
2799	69.7
2840	69.7
2881	69.7
2923	69.6
2965	69.5
3008	69.5
3052	69.3
3097	69.1
3142	68.8
3187	68.4
3234	68.1
3281	67.8
3328	67.5
3377	67.2
3426	67
3476	66.9
3526	66.8
3578	66.8
3630	66.8
3682	66.8
3736	66.8
3790	66.9
3846	67
3901	67.1
3958	67.3
4016	67.3
4074	67.3
4133	67.3
4194	67.5
4255	67.7
4316	67.7
4379	67.8
4443	67.9
4508	68
4573	68
4640	68
4707	68
4776	68
4845	67.9
4916	67.9
4987	67.9
5060	67.8
5133	67.8
5208	67.8
5284	67.7
5360	67.5
5438	67.4
5518	67.3
5598	67.2
5679	67.1
5762	67
5846	66.9
5931	66.8
6017	66.8
6104	66.8
6193	66.8
6283	66.8
6375	67
6467	67
6561	67.1
6657	67.3
6754	67.5
6852	67.8
6952	68
7053	68.3
7155	68.7
7259	69.1
7365	69.4
7472	69.7
7581	70
7691	70.1
7803	70.2
7916	70.3
8032	70.3
8148	70.3
8267	70.2
8387	70.2
8509	70.1
8633	69.9
8758	69.7
8886	69.5
9015	69.1
9146	68.7
9279	68.2
9414	67.7
9551	67.2
9690	66.6
9831	66
9974	64.9
10119	64.2
10266	63.7
10416	63.3
10567	63
10721	62.9
10877	62.7
11035	62.6
11196	62.5
11358	62.4
11524	62.3
11691	62.3
11861	62.3
12034	62.2
12209	62.2
12386	62.2
12567	62.3
12749	62.3
12935	62.2
13123	62.2
13314	62.2
13507	62.3
13704	62.5
13903	62.7
14105	62.9
14311	63.2
14519	63.5
14730	63.8
14944	63.9
15162	63.8
15382	63.3
15606	62.7
15833	62.1
16063	61.5
16297	61
16534	60.4
16774	59.9
17018	59.3
17266	58.7
17517	58.1
17772	57.5
18030	56.9
18293	56.3
18559	55.8
18829	55.2
19102	54.7
19380	54.1
20000	53.7
overall dB	93.4 dB
decay	Average
averaging	1/12 Octave
source	Headset Microphone 1 Low Range
latitude	0
longitude	0
saved	2024/06/07 11:23
peak	16.1Hz
