FFT	AudioTools 	v17.8 (3) iPad battery  99%	2024/05/16 13:19	Headset Microphone 1 Low Range	EB05A3E2-10AC-49FE-A287-06AC06EBE5AD
Frequency	dB	Unweighted
19.5	63.9
19.8	63.9
20.1	63.9
20.3	63.9
20.6	64
20.9	64
21.2	64
21.6	64.1
21.9	64.1
22.2	64.1
22.5	64.1
22.8	64.1
23.2	64.1
23.5	64.1
23.8	64.1
24.2	64.1
24.5	64.1
24.9	64.1
25.3	64.2
25.6	64.2
26	64.2
26.4	64.2
26.8	64.2
27.2	64.2
27.5	64.2
28	64.2
28.4	64.2
28.8	64.2
29.2	64.2
29.6	64.2
30	64.1
30.5	64.1
30.9	64.1
31.4	64.1
31.8	64
32.3	64
32.8	64
33.2	64
33.7	64
34.2	64.1
34.7	64.1
35.2	64.2
35.7	64.2
36.2	64.2
36.8	64.2
37.3	64.2
37.9	64.3
38.4	64.3
39	64.3
39.5	64.3
40.1	64.2
40.7	64
41.3	63.9
41.9	63.9
42.5	63.9
43.1	63.9
43.7	64
44.4	64
45	63.9
45.7	63.8
46.3	63.8
47	63.8
47.7	63.8
48.4	63.8
49.1	63.8
49.8	63.8
50.5	63.8
51.3	63.8
52	63.8
52.8	63.7
53.5	63.6
54.3	63.4
55.1	63.2
55.9	63.1
56.7	63.1
57.5	63.1
58.4	63.1
59.2	63
60.1	62.9
61	62.9
61.8	62.8
62.7	62.8
63.7	62.8
64.6	62.7
65.5	62.7
66.5	62.7
67.4	62.7
68.4	62.7
69.4	62.6
70.4	62.4
71.5	62.3
72.5	62.2
73.5	62.2
74.6	62.1
75.7	62.1
76.8	62
77.9	62
79.1	62
80.2	61.9
81.4	61.7
82.6	61.6
83.8	61.4
85	61.2
86.2	61.1
87.5	61
88.7	61
90	60.9
91.3	60.8
92.7	60.9
94	60.9
95.4	60.8
96.8	60.7
98.2	60.6
99.6	60.5
101	60.4
103	60.4
104	60.4
106	60.4
107	60.4
109	60.5
110	60.4
112	60.4
113	60.3
115	60.2
117	60
118	59.9
120	60
122	60
124	59.9
125	59.8
127	59.8
129	59.7
131	59.6
133	59.5
135	59.3
137	59.2
139	59.1
141	59
143	58.9
145	58.8
147	58.7
149	58.7
151	58.6
154	58.5
156	58.5
158	58.3
160	58.2
163	58.1
165	58
168	57.9
170	57.9
172	57.9
175	57.8
177	57.6
180	57.5
183	57.4
185	57.4
188	57.3
191	57.2
194	57.1
196	57
199	57
202	56.9
205	56.7
208	56.7
211	56.6
214	56.5
217	56.5
220	56.5
224	56.5
227	56.6
230	56.5
234	56.5
237	56.5
240	56.4
244	56.3
247	56.2
251	56.1
255	56
258	55.9
262	55.8
266	55.7
270	55.6
274	55.6
278	55.5
282	55.4
286	55.3
290	55.2
294	55.3
298	55.2
303	55.1
307	55.1
312	55
316	54.9
321	54.9
325	55
330	55
335	54.9
340	54.7
345	54.7
350	54.6
355	54.6
360	54.5
365	54.5
371	54.5
376	54.4
382	54.4
387	54.3
393	54.3
398	54.2
404	54.1
410	54.1
416	54.1
422	54.1
428	54.1
434	54.1
441	54
447	54
454	53.9
460	53.9
467	53.8
474	53.7
481	53.7
488	53.7
495	53.6
502	53.6
509	53.7
517	53.7
524	53.5
532	53.5
540	53.5
547	53.5
555	53.5
563	53.5
572	53.4
580	53.4
588	53.4
597	53.4
606	53.4
614	53.4
623	53.3
632	53.2
642	53.2
651	53.3
660	53.2
670	53.2
680	53.2
690	53.2
700	53.2
710	53.2
720	53.1
731	53.1
741	53.1
752	53.1
763	53.1
774	53.2
785	53.2
797	53.1
808	53.1
820	53.1
832	53.1
844	53.2
856	53.1
869	53.2
882	53.2
894	53.3
907	53.3
921	53.4
934	53.5
948	53.5
961	53.5
975	53.6
990	53.7
1004	53.8
1019	53.8
1033	53.9
1048	53.9
1064	54
1079	54.1
1095	54.2
1111	54.2
1127	54.2
1143	54.3
1160	54.3
1177	54.4
1194	54.5
1211	54.6
1229	54.7
1247	54.7
1265	54.8
1283	54.8
1302	54.9
1321	55
1340	55.1
1360	55.1
1379	55.2
1399	55.3
1420	55.3
1440	55.4
1461	55.4
1483	55.4
1504	55.5
1526	55.6
1548	55.6
1571	55.7
1594	55.7
1617	55.8
1640	55.9
1664	56
1688	56.1
1713	56.3
1738	56.4
1763	56.6
1789	56.7
1815	56.9
1841	57
1868	57.2
1895	57.3
1923	57.5
1951	57.8
1979	58
2008	58.3
2037	58.5
2067	58.7
2097	58.9
2127	59.2
2158	59.5
2190	59.8
2221	60
2254	60.3
2287	60.6
2320	60.8
2354	61.1
2388	61.3
2423	61.5
2458	61.7
2494	61.9
2530	62
2567	62.1
2604	62.2
2642	62.3
2680	62.3
2719	62.2
2759	62.1
2799	61.9
2840	61.8
2881	61.6
2923	61.4
2965	61.2
3008	61
3052	60.8
3097	60.5
3142	60.3
3187	60.1
3234	59.9
3281	59.8
3328	59.6
3377	59.5
3426	59.3
3476	59.2
3526	59.2
3578	59.1
3630	59
3682	59
3736	59
3790	59
3846	59.1
3901	59.2
3958	59.3
4016	59.5
4074	59.6
4133	59.7
4194	59.9
4255	59.9
4316	59.8
4379	59.7
4443	59.4
4508	59
4573	58.6
4640	58
4707	57.6
4776	57.1
4845	56.7
4916	56.2
4987	55.7
5060	55.2
5133	54.7
5208	54.2
5284	53.7
5360	53.3
5438	52.9
5518	52.7
5598	52.4
5679	52.1
5762	51.9
5846	51.7
5931	51.6
6017	51.4
6104	51.3
6193	51.3
6283	51.2
6375	51.3
6467	51.3
6561	51.6
6657	51.7
6754	52
6852	52.3
6952	52.7
7053	53.2
7155	53.7
7259	54.4
7365	55.1
7472	55.9
7581	56.7
7691	57.4
7803	58
7916	58.3
8032	58.4
8148	58.2
8267	57.8
8387	57.1
8509	56.4
8633	55.6
8758	55
8886	54.3
9015	53.8
9146	53.4
9279	53.2
9414	53.1
9551	53.1
9690	53.2
9831	53.5
9974	54.1
10119	54.6
10266	55.1
10416	55.4
10567	55.4
10721	55.1
10877	54.4
11035	53.5
11196	52.6
11358	51.6
11524	50.7
11691	49.9
11861	49.2
12034	48.6
12209	48
12386	47.5
12567	47.1
12749	46.7
12935	46.5
13123	46.4
13314	46.5
13507	46.8
13704	47.3
13903	47.8
14105	48.6
14311	49.6
14519	50.3
14730	50.4
14944	49.4
15162	48
15382	46.7
15606	46.9
15833	47.6
16063	47.7
16297	47.3
16534	46.7
16774	45
17018	42
17266	40.2
17517	40.8
17772	42.1
18030	43.3
18293	43.8
18559	43.5
18829	42.2
19102	40.2
19380	37.8
20000	35.9
overall dB	85 dB
decay	Average
averaging	1/12 Octave
source	Headset Microphone 1 Low Range
latitude	0
longitude	0
saved	2024/05/16 13:19
peak	14.6Hz
