FFT	AudioTools 	v17.8 (3) iPad battery 100%	2024/05/16 13:18	Headset Microphone 1 Low Range	EB05A3E2-10AC-49FE-A287-06AC06EBE5AD
Frequency	dB	Unweighted
19.5	64.4
19.8	64.3
20.1	64.3
20.3	64.3
20.6	64.2
20.9	64.2
21.2	64.2
21.6	64.3
21.9	64.3
22.2	64.4
22.5	64.4
22.8	64.5
23.2	64.6
23.5	64.7
23.8	64.8
24.2	64.8
24.5	64.9
24.9	65
25.3	65.1
25.6	65.1
26	65.1
26.4	65.1
26.8	65.1
27.2	65
27.5	65
28	64.9
28.4	64.8
28.8	64.7
29.2	64.7
29.6	64.8
30	64.8
30.5	64.9
30.9	64.9
31.4	64.9
31.8	64.8
32.3	64.8
32.8	64.8
33.2	64.9
33.7	64.9
34.2	65
34.7	65.1
35.2	65.2
35.7	65.2
36.2	65.1
36.8	65.1
37.3	65
37.9	64.9
38.4	64.8
39	64.8
39.5	64.8
40.1	64.8
40.7	64.7
41.3	64.7
41.9	64.6
42.5	64.7
43.1	64.7
43.7	64.8
44.4	64.7
45	64.6
45.7	64.4
46.3	64.2
47	64.1
47.7	64.1
48.4	64.2
49.1	64.1
49.8	64.1
50.5	64.1
51.3	64.1
52	64.1
52.8	64
53.5	64
54.3	63.8
55.1	63.6
55.9	63.5
56.7	63.3
57.5	63.3
58.4	63.2
59.2	63.3
60.1	63.3
61	63.3
61.8	63.3
62.7	63.2
63.7	63.1
64.6	63
65.5	62.9
66.5	62.9
67.4	62.9
68.4	63
69.4	63
70.4	62.9
71.5	62.8
72.5	62.7
73.5	62.6
74.6	62.5
75.7	62.3
76.8	62.2
77.9	62.2
79.1	62.2
80.2	62
81.4	61.8
82.6	61.5
83.8	61.3
85	61.4
86.2	61.4
87.5	61.5
88.7	61.5
90	61.3
91.3	61.3
92.7	61.3
94	61.2
95.4	61
96.8	60.9
98.2	60.9
99.6	60.7
101	60.6
103	60.5
104	60.4
106	60.4
107	60.3
109	60.1
110	59.8
112	59.6
113	59.6
115	59.6
117	59.6
118	59.6
120	59.5
122	59.4
124	59.2
125	59
127	58.9
129	58.8
131	58.7
133	58.6
135	58.6
137	58.5
139	58.1
141	58
143	57.8
145	57.7
147	57.6
149	57.5
151	57.4
154	57.2
156	57.2
158	57.2
160	57.1
163	56.9
165	56.8
168	56.6
170	56.5
172	56.6
175	56.6
177	56.7
180	56.7
183	56.7
185	56.6
188	56.4
191	56.3
194	56.2
196	56
199	55.9
202	55.7
205	55.5
208	55.3
211	55.3
214	55.3
217	55.2
220	55.1
224	54.9
227	54.8
230	54.7
234	54.6
237	54.4
240	54.4
244	54.4
247	54.3
251	54.2
255	54.1
258	53.9
262	53.8
266	53.6
270	53.5
274	53.4
278	53.4
282	53.3
286	53.2
290	53.1
294	53
298	52.9
303	52.8
307	52.9
312	52.8
316	52.8
321	52.7
325	52.8
330	52.7
335	52.6
340	52.5
345	52.5
350	52.5
355	52.5
360	52.4
365	52.5
371	52.5
376	52.5
382	52.3
387	52.2
393	52.1
398	52.1
404	52.2
410	52.2
416	52.2
422	52.2
428	52.2
434	52.1
441	52.1
447	52.1
454	52.1
460	52.1
467	52.1
474	52.1
481	52.2
488	52.2
495	52.2
502	52.3
509	52.4
517	52.4
524	52.3
532	52.3
540	52.4
547	52.4
555	52.5
563	52.5
572	52.5
580	52.6
588	52.6
597	52.6
606	52.7
614	52.7
623	52.6
632	52.6
642	52.6
651	52.6
660	52.7
670	52.7
680	52.8
690	52.8
700	52.8
710	52.9
720	52.9
731	53
741	53
752	53.1
763	53.1
774	53.1
785	53.2
797	53.2
808	53.3
820	53.3
832	53.4
844	53.5
856	53.5
869	53.6
882	53.6
894	53.6
907	53.7
921	53.8
934	53.9
948	54
961	54
975	54
990	54
1004	54.1
1019	54.2
1033	54.3
1048	54.4
1064	54.5
1079	54.7
1095	54.8
1111	54.9
1127	55.1
1143	55.3
1160	55.4
1177	55.5
1194	55.6
1211	55.6
1229	55.8
1247	55.8
1265	55.9
1283	55.9
1302	56
1321	56.1
1340	56.2
1360	56.3
1379	56.3
1399	56.4
1420	56.5
1440	56.6
1461	56.6
1483	56.7
1504	56.8
1526	56.8
1548	56.9
1571	57
1594	57.1
1617	57.3
1640	57.3
1664	57.4
1688	57.5
1713	57.6
1738	57.7
1763	57.8
1789	57.9
1815	58.2
1841	58.3
1868	58.4
1895	58.5
1923	58.7
1951	58.9
1979	59
2008	59.2
2037	59.3
2067	59.5
2097	59.7
2127	59.8
2158	60
2190	60.3
2221	60.5
2254	60.7
2287	60.9
2320	61.1
2354	61.3
2388	61.6
2423	61.8
2458	62
2494	62.2
2530	62.4
2567	62.6
2604	62.8
2642	63
2680	63
2719	63
2759	62.9
2799	62.8
2840	62.7
2881	62.6
2923	62.4
2965	62.2
3008	62
3052	61.8
3097	61.6
3142	61.5
3187	61.3
3234	61.1
3281	61
3328	60.8
3377	60.7
3426	60.6
3476	60.5
3526	60.5
3578	60.4
3630	60.4
3682	60.4
3736	60.5
3790	60.5
3846	60.6
3901	60.7
3958	60.8
4016	61
4074	61.1
4133	61.3
4194	61.4
4255	61.5
4316	61.4
4379	61.3
4443	61.1
4508	60.7
4573	60.3
4640	59.8
4707	59.4
4776	59
4845	58.6
4916	58.3
4987	57.9
5060	57.5
5133	57.1
5208	56.6
5284	56
5360	55.5
5438	54.9
5518	54.5
5598	54
5679	53.6
5762	53.3
5846	53.1
5931	52.8
6017	52.7
6104	52.5
6193	52.4
6283	52.4
6375	52.4
6467	52.4
6561	52.5
6657	52.7
6754	52.9
6852	53.2
6952	53.6
7053	54.1
7155	54.7
7259	55.4
7365	56.2
7472	57
7581	57.8
7691	58.5
7803	59
7916	59.2
8032	59.1
8148	58.9
8267	58.4
8387	57.8
8509	57.1
8633	56.4
8758	55.7
8886	55.1
9015	54.6
9146	54.3
9279	54
9414	53.9
9551	54
9690	54.1
9831	54.4
9974	55.1
10119	55.6
10266	56
10416	56.3
10567	56.3
10721	56
10877	55.3
11035	54.4
11196	53.4
11358	52.5
11524	51.6
11691	50.8
11861	50.1
12034	49.5
12209	48.9
12386	48.5
12567	48
12749	47.7
12935	47.5
13123	47.5
13314	47.6
13507	47.9
13704	48.4
13903	48.9
14105	49.8
14311	50.8
14519	51.6
14730	51.7
14944	50.8
15162	49.4
15382	48.1
15606	48.3
15833	48.9
16063	49
16297	48.6
16534	48
16774	46.4
17018	43.4
17266	41.4
17517	42
17772	43.4
18030	44.5
18293	45
18559	44.5
18829	43.1
19102	41.1
19380	38.7
20000	36.7
overall dB	84.4 dB
decay	Average
averaging	1/12 Octave
source	Headset Microphone 1 Low Range
latitude	0
longitude	0
saved	2024/05/16 13:18
peak	19.0Hz
