FFT	AudioTools 	v17.9 (4) iPad battery  92%	2024/05/26 12:58	Headset Microphone 1 Low Range	EB05A3E2-10AC-49FE-A287-06AC06EBE5AD
Frequency	dB	Unweighted
19.5	71.6
19.8	71.6
20.1	71.6
20.3	71.6
20.6	71.7
20.9	71.8
21.2	71.9
21.6	72
21.9	72.1
22.2	72.1
22.5	72.2
22.8	72.2
23.2	72.2
23.5	72.2
23.8	72.2
24.2	72.3
24.5	72.4
24.9	72.4
25.3	72.6
25.6	72.6
26	72.7
26.4	72.7
26.8	72.7
27.2	72.7
27.5	72.6
28	72.6
28.4	72.6
28.8	72.6
29.2	72.7
29.6	72.7
30	72.8
30.5	72.9
30.9	72.9
31.4	72.9
31.8	73
32.3	73
32.8	73
33.2	73
33.7	73
34.2	73
34.7	72.9
35.2	72.9
35.7	72.8
36.2	72.8
36.8	72.8
37.3	72.8
37.9	72.8
38.4	72.8
39	72.9
39.5	72.8
40.1	72.7
40.7	72.6
41.3	72.5
41.9	72.5
42.5	72.5
43.1	72.6
43.7	72.8
44.4	72.9
45	72.9
45.7	72.8
46.3	72.6
47	72.5
47.7	72.3
48.4	72.3
49.1	72.2
49.8	72.2
50.5	72.3
51.3	72.3
52	72.2
52.8	72.2
53.5	72.2
54.3	72.1
55.1	72
55.9	71.9
56.7	71.9
57.5	72
58.4	72.1
59.2	72.2
60.1	72.2
61	72.1
61.8	72
62.7	71.8
63.7	71.6
64.6	71.5
65.5	71.5
66.5	71.5
67.4	71.4
68.4	71.4
69.4	71.3
70.4	71.2
71.5	71
72.5	70.8
73.5	70.7
74.6	70.6
75.7	70.6
76.8	70.7
77.9	70.7
79.1	70.7
80.2	70.6
81.4	70.5
82.6	70.3
83.8	70
85	69.8
86.2	69.7
87.5	69.8
88.7	70
90	70
91.3	69.9
92.7	69.9
94	69.8
95.4	69.7
96.8	69.7
98.2	69.6
99.6	69.4
101	69.3
103	69.2
104	69.2
106	69.3
107	69.3
109	69.2
110	69.2
112	69.1
113	68.8
115	68.5
117	68.4
118	68.5
120	68.6
122	68.6
124	68.4
125	68.1
127	67.8
129	67.7
131	67.6
133	67.4
135	67.1
137	67
139	67.1
141	67.2
143	67.3
145	67.3
147	67.1
149	67.1
151	67.2
154	67.1
156	66.9
158	66.7
160	66.6
163	66.5
165	66.3
168	66
170	65.8
172	65.6
175	65.6
177	65.5
180	65.3
183	65.1
185	65.2
188	65.2
191	65.1
194	64.8
196	64.7
199	64.7
202	64.7
205	64.6
208	64.6
211	64.6
214	64.6
217	64.3
220	64.1
224	63.9
227	63.8
230	63.7
234	63.8
237	63.8
240	63.7
244	63.6
247	63.7
251	63.8
255	63.8
258	63.6
262	63.6
266	63.6
270	63.6
274	63.5
278	63.3
282	63.2
286	63
290	63
294	62.9
298	62.9
303	63
307	63
312	62.9
316	62.9
321	62.9
325	62.8
330	62.8
335	62.8
340	62.7
345	62.6
350	62.6
355	62.6
360	62.4
365	62.6
371	62.6
376	62.6
382	62.5
387	62.4
393	62.3
398	62.2
404	62.3
410	62.5
416	62.5
422	62.4
428	62.4
434	62.5
441	62.3
447	62.2
454	62.1
460	62.1
467	62.1
474	62.1
481	62
488	62.1
495	62.2
502	62.2
509	62.3
517	62.5
524	62.5
532	62.3
540	62.3
547	62.3
555	62.4
563	62.3
572	62.3
580	62.2
588	62.1
597	62.1
606	62
614	62
623	62.1
632	62.2
642	62.2
651	62
660	61.9
670	62.1
680	62
690	61.9
700	62
710	62
720	61.8
731	61.9
741	61.9
752	62
763	61.9
774	61.8
785	61.9
797	61.9
808	61.9
820	61.9
832	61.9
844	61.9
856	61.9
869	61.9
882	61.8
894	61.8
907	61.9
921	62
934	62.1
948	62.1
961	62.3
975	62.3
990	62.1
1004	62.1
1019	62.2
1033	62.3
1048	62.5
1064	62.6
1079	62.8
1095	62.8
1111	62.7
1127	62.8
1143	62.9
1160	63
1177	63.3
1194	63.4
1211	63.4
1229	63.3
1247	63.4
1265	63.5
1283	63.6
1302	63.7
1321	63.7
1340	63.6
1360	63.7
1379	63.8
1399	63.9
1420	63.9
1440	64
1461	64
1483	64
1504	64
1526	64.1
1548	64.1
1571	64.1
1594	64.2
1617	64.3
1640	64.3
1664	64.4
1688	64.4
1713	64.5
1738	64.5
1763	64.6
1789	64.6
1815	64.6
1841	64.7
1868	64.8
1895	64.8
1923	64.9
1951	65
1979	65
2008	65.1
2037	65.3
2067	65.4
2097	65.5
2127	65.7
2158	65.8
2190	65.8
2221	65.9
2254	66.1
2287	66.3
2320	66.4
2354	66.6
2388	66.8
2423	66.9
2458	67.1
2494	67.2
2530	67.4
2567	67.6
2604	67.8
2642	68.1
2680	68.2
2719	68.3
2759	68.5
2799	68.8
2840	68.9
2881	69.1
2923	69.4
2965	69.5
3008	69.6
3052	69.6
3097	69.6
3142	69.6
3187	69.5
3234	69.4
3281	69.4
3328	69.3
3377	69.2
3426	69
3476	68.9
3526	68.7
3578	68.5
3630	68.3
3682	68.1
3736	67.9
3790	67.8
3846	67.6
3901	67.5
3958	67.3
4016	67.2
4074	67.1
4133	66.9
4194	66.8
4255	66.7
4316	66.6
4379	66.4
4443	66.3
4508	66.3
4573	66.2
4640	66.2
4707	66
4776	66
4845	65.9
4916	65.8
4987	65.8
5060	65.8
5133	65.9
5208	65.9
5284	66
5360	66
5438	66.1
5518	66.1
5598	66.2
5679	66.3
5762	66.4
5846	66.4
5931	66.4
6017	66.4
6104	66.4
6193	66.3
6283	66.3
6375	66.2
6467	66.1
6561	65.9
6657	65.8
6754	65.8
6852	65.8
6952	65.9
7053	66
7155	66.1
7259	66.3
7365	66.6
7472	67
7581	67.3
7691	67.6
7803	67.8
7916	67.8
8032	67.7
8148	67.6
8267	67.2
8387	66.7
8509	66.1
8633	65.3
8758	64.6
8886	63.9
9015	63.3
9146	62.7
9279	62.2
9414	61.7
9551	61.4
9690	61.1
9831	61
9974	60.9
10119	60.9
10266	61
10416	61.1
10567	61.3
10721	61.5
10877	61.7
11035	61.9
11196	62.1
11358	62.2
11524	62.2
11691	62
11861	61.8
12034	61.4
12209	60.9
12386	60.4
12567	59.9
12749	59.3
12935	58.8
13123	58.5
13314	58.2
13507	58
13704	58
13903	58
14105	58.2
14311	58.6
14519	59.1
14730	59.9
14944	61.1
15162	62.4
15382	63.6
15606	63.2
15833	62
16063	60.4
16297	58.8
16534	57.3
16774	56.1
17018	55.1
17266	54.4
17517	53.8
17772	53.3
18030	53
18293	52.7
18559	52.5
18829	52.3
19102	52.2
19380	51.9
20000	51.5
overall dB	92.7 dB
decay	Average
averaging	1/12 Octave
source	Headset Microphone 1 Low Range
latitude	0
longitude	0
saved	2024/05/26 12:58
peak	17.6Hz
