FFT	AudioTools 	v17.4 (100) iPad battery  98%	2024/04/01 23:13	Headset Microphone 1 Low Range	EB05A3E2-10AC-49FE-A287-06AC06EBE5AD
Frequency	dB	Unweighted
19.5	71.7
19.8	71.8
20.1	71.8
20.3	71.9
20.6	71.9
20.9	72
21.2	72.1
21.6	72.1
21.9	72.2
22.2	72.2
22.5	72.2
22.8	72.2
23.2	72.2
23.5	72.1
23.8	72.1
24.2	72.2
24.5	72.2
24.9	72.2
25.3	72.3
25.6	72.3
26	72.3
26.4	72.3
26.8	72.3
27.2	72.3
27.5	72.3
28	72.2
28.4	72.3
28.8	72.3
29.2	72.3
29.6	72.4
30	72.5
30.5	72.5
30.9	72.5
31.4	72.5
31.8	72.4
32.3	72.4
32.8	72.3
33.2	72.3
33.7	72.2
34.2	72.2
34.7	72.2
35.2	72.2
35.7	72.2
36.2	72.2
36.8	72.2
37.3	72.3
37.9	72.3
38.4	72.4
39	72.4
39.5	72.3
40.1	72.2
40.7	72
41.3	71.9
41.9	71.8
42.5	71.8
43.1	71.9
43.7	72
44.4	72
45	72
45.7	71.9
46.3	71.7
47	71.6
47.7	71.5
48.4	71.5
49.1	71.5
49.8	71.4
50.5	71.4
51.3	71.3
52	71.3
52.8	71.3
53.5	71.3
54.3	71.2
55.1	71.1
55.9	70.9
56.7	70.8
57.5	70.8
58.4	70.8
59.2	70.9
60.1	70.9
61	70.9
61.8	70.8
62.7	70.7
63.7	70.6
64.6	70.6
65.5	70.7
66.5	70.7
67.4	70.8
68.4	70.8
69.4	70.8
70.4	70.7
71.5	70.5
72.5	70.3
73.5	70
74.6	69.8
75.7	69.7
76.8	69.7
77.9	69.7
79.1	69.7
80.2	69.6
81.4	69.4
82.6	69.3
83.8	69.1
85	69
86.2	69
87.5	69.1
88.7	69.2
90	69
91.3	68.8
92.7	68.8
94	68.7
95.4	68.5
96.8	68.5
98.2	68.6
99.6	68.5
101	68.4
103	68.3
104	68.2
106	68.1
107	68.1
109	68.2
110	68.2
112	68.2
113	68
115	67.9
117	67.7
118	67.6
120	67.8
122	68
124	67.9
125	67.5
127	67.3
129	67.1
131	67
133	66.9
135	66.8
137	66.6
139	66.6
141	66.6
143	66.6
145	66.5
147	66.4
149	66.5
151	66.7
154	66.6
156	66.3
158	66.2
160	66.2
163	66.3
165	66.3
168	66.1
170	65.9
172	65.9
175	66
177	66.1
180	66
183	66
185	66.1
188	66.2
191	66.1
194	65.9
196	66
199	66.1
202	66
205	65.8
208	65.8
211	66.1
214	66.3
217	66.1
220	65.8
224	65.5
227	65.3
230	65.1
234	65.3
237	65.4
240	65.5
244	65.7
247	65.8
251	65.9
255	65.8
258	65.7
262	65.8
266	65.7
270	65.7
274	65.5
278	65.3
282	65.3
286	65.4
290	65.4
294	65.6
298	65.5
303	65.5
307	65.6
312	65.6
316	65.5
321	65.4
325	65.4
330	65.4
335	65.4
340	65.4
345	65.4
350	65.5
355	65.4
360	65.4
365	65.4
371	65.5
376	65.6
382	65.5
387	65.4
393	65.3
398	65.4
404	65.6
410	65.6
416	65.7
422	65.7
428	65.8
434	65.8
441	65.7
447	65.7
454	65.6
460	65.6
467	65.6
474	65.5
481	65.5
488	65.5
495	65.4
502	65.4
509	65.7
517	66
524	66
532	65.8
540	65.8
547	65.9
555	66
563	66
572	66
580	66.1
588	66
597	66
606	65.9
614	65.9
623	65.7
632	65.8
642	65.8
651	65.9
660	65.8
670	65.7
680	65.6
690	65.7
700	65.9
710	66
720	66.1
731	66.2
741	66.1
752	66.1
763	66.1
774	66.1
785	66.2
797	66.3
808	66.3
820	66.3
832	66.3
844	66.4
856	66.5
869	66.6
882	66.5
894	66.5
907	66.7
921	66.9
934	66.8
948	66.8
961	66.9
975	66.9
990	66.8
1004	66.8
1019	66.9
1033	67.1
1048	67.3
1064	67.4
1079	67.6
1095	67.7
1111	67.7
1127	67.7
1143	67.7
1160	67.8
1177	68.1
1194	68.2
1211	68.2
1229	68.3
1247	68.3
1265	68.3
1283	68.4
1302	68.5
1321	68.5
1340	68.5
1360	68.6
1379	68.7
1399	68.9
1420	69
1440	69
1461	69.1
1483	69.2
1504	69.2
1526	69.3
1548	69.3
1571	69.3
1594	69.4
1617	69.4
1640	69.4
1664	69.3
1688	69.3
1713	69.3
1738	69.4
1763	69.7
1789	69.7
1815	69.8
1841	69.9
1868	69.9
1895	69.9
1923	69.9
1951	70
1979	70
2008	70
2037	70.1
2067	70.2
2097	70.3
2127	70.3
2158	70.4
2190	70.5
2221	70.5
2254	70.7
2287	70.8
2320	70.8
2354	70.9
2388	71
2423	71
2458	71.1
2494	71.2
2530	71.2
2567	71.4
2604	71.6
2642	71.8
2680	71.9
2719	72
2759	72
2799	72.1
2840	72.1
2881	72.2
2923	72.4
2965	72.4
3008	72.4
3052	72.5
3097	72.4
3142	72.4
3187	72.4
3234	72.4
3281	72.5
3328	72.5
3377	72.5
3426	72.4
3476	72.4
3526	72.4
3578	72.3
3630	72.3
3682	72.3
3736	72.2
3790	72.2
3846	72.2
3901	72.1
3958	72.1
4016	72
4074	71.9
4133	71.8
4194	71.7
4255	71.8
4316	71.8
4379	71.8
4443	71.7
4508	71.7
4573	71.8
4640	71.8
4707	71.8
4776	71.8
4845	71.8
4916	71.8
4987	71.8
5060	71.8
5133	71.8
5208	71.8
5284	71.7
5360	71.7
5438	71.6
5518	71.5
5598	71.4
5679	71.3
5762	71.1
5846	71
5931	70.9
6017	70.8
6104	70.7
6193	70.5
6283	70.4
6375	70.2
6467	70
6561	69.7
6657	69.6
6754	69.6
6852	69.6
6952	69.7
7053	69.8
7155	69.9
7259	70
7365	70.2
7472	70.3
7581	70.4
7691	70.4
7803	70.5
7916	70.4
8032	70.2
8148	69.9
8267	69.6
8387	69.2
8509	68.8
8633	68.3
8758	68.1
8886	68.1
9015	68
9146	67.7
9279	67.5
9414	67.3
9551	67.2
9690	67.2
9831	67.2
9974	67.4
10119	67.4
10266	67.5
10416	67.4
10567	67.3
10721	67.2
10877	67
11035	66.8
11196	66.6
11358	66.4
11524	66.1
11691	65.8
11861	65.6
12034	65.4
12209	65.2
12386	65.1
12567	65
12749	64.8
12935	64.7
13123	64.6
13314	64.6
13507	64.6
13704	64.7
13903	64.7
14105	64.8
14311	65
14519	65.4
14730	65.8
14944	66.4
15162	67.2
15382	68.8
15606	69.8
15833	70.4
16063	70.2
16297	69.2
16534	67.7
16774	66.2
17018	64.9
17266	63.9
17517	63.3
17772	62.7
18030	62.3
18293	61.9
18559	61.5
18829	60.9
19102	60.1
19380	59.2
20000	58.5
overall dB	95 dB
decay	Average
averaging	1/12 Octave
source	Headset Microphone 1 Low Range
latitude	0
longitude	0
saved	2024/04/01 23:13
peak	16.1Hz
