FFT	AudioTools 	v17.10 (4) iPad battery  49%	2024/07/23 11:04	Headset Microphone 1 Low Range	EB05A3E2-10AC-49FE-A287-06AC06EBE5AD
Frequency	dB	Unweighted
19.5	73.2
19.8	73.3
20.1	73.4
20.3	73.5
20.6	73.7
20.9	73.8
21.2	74
21.6	74.1
21.9	74.2
22.2	74.2
22.5	74.2
22.8	74.2
23.2	74.1
23.5	74
23.8	73.9
24.2	73.8
24.5	73.8
24.9	73.7
25.3	73.7
25.6	73.8
26	73.8
26.4	73.8
26.8	73.8
27.2	73.7
27.5	73.7
28	73.7
28.4	73.7
28.8	73.8
29.2	73.8
29.6	74
30	74.1
30.5	74.2
30.9	74.3
31.4	74.3
31.8	74.2
32.3	74.1
32.8	74.1
33.2	74.1
33.7	74.1
34.2	74.1
34.7	74.1
35.2	74.1
35.7	74.1
36.2	74.1
36.8	74.1
37.3	74.2
37.9	74.3
38.4	74.4
39	74.5
39.5	74.5
40.1	74.4
40.7	74.3
41.3	74.1
41.9	74.1
42.5	74.1
43.1	74.3
43.7	74.5
44.4	74.6
45	74.7
45.7	74.6
46.3	74.4
47	74.1
47.7	74
48.4	74
49.1	74
49.8	74
50.5	74
51.3	73.9
52	73.7
52.8	73.6
53.5	73.6
54.3	73.7
55.1	73.6
55.9	73.4
56.7	73.3
57.5	73.3
58.4	73.3
59.2	73.5
60.1	73.6
61	73.7
61.8	73.8
62.7	73.8
63.7	73.7
64.6	73.7
65.5	73.7
66.5	73.7
67.4	73.7
68.4	73.8
69.4	73.8
70.4	73.7
71.5	73.5
72.5	73.2
73.5	72.9
74.6	72.6
75.7	72.6
76.8	72.8
77.9	73
79.1	72.8
80.2	72.7
81.4	72.7
82.6	72.8
83.8	72.6
85	72.3
86.2	72.2
87.5	72.3
88.7	72.2
90	71.7
91.3	71.5
92.7	71.6
94	71.7
95.4	71.6
96.8	71.6
98.2	71.9
99.6	71.9
101	71.7
103	71.6
104	71.5
106	71.5
107	71.4
109	71.3
110	71.5
112	71.7
113	71.6
115	71.4
117	71.2
118	71
120	71.1
122	71.5
124	71.5
125	70.8
127	70.4
129	70.3
131	70.3
133	70.4
135	70.3
137	70
139	70.2
141	70.4
143	70.5
145	70.3
147	70
149	70
151	70.4
154	70.7
156	70.3
158	69.8
160	69.6
163	69.7
165	69.6
168	69.2
170	68.8
172	68.7
175	68.8
177	68.8
180	68.6
183	68.3
185	68.4
188	68.4
191	68.4
194	68.3
196	68.2
199	68.5
202	68.7
205	68.4
208	68.3
211	68.5
214	68.9
217	68.7
220	68
224	67.6
227	67.5
230	67.3
234	67.5
237	68
240	68
244	67.7
247	67.4
251	67.4
255	67.5
258	67.5
262	67.8
266	67.9
270	67.8
274	67.5
278	66.9
282	66.7
286	66.8
290	67
294	67.2
298	67
303	66.8
307	67
312	67
316	66.7
321	66.5
325	66.5
330	66.3
335	66.3
340	66.3
345	66.1
350	66.2
355	66.3
360	65.9
365	65.7
371	65.6
376	65.8
382	65.9
387	65.7
393	65.5
398	65.3
404	65.2
410	65.6
416	65.8
422	65.6
428	65.7
434	65.9
441	65.7
447	65.4
454	65.2
460	65.1
467	65.1
474	65
481	64.8
488	64.8
495	65
502	64.9
509	65
517	65.3
524	65.5
532	65.3
540	65.1
547	65.2
555	65.2
563	65.2
572	65.3
580	65.4
588	65.2
597	65
606	65
614	65
623	64.7
632	64.7
642	64.8
651	64.9
660	64.9
670	64.9
680	64.7
690	64.6
700	64.9
710	65.1
720	65
731	65.2
741	65.1
752	64.8
763	64.8
774	64.6
785	65
797	65.2
808	65.2
820	65.1
832	64.8
844	64.9
856	65.1
869	65.2
882	65.1
894	65
907	65.1
921	65.4
934	65.5
948	65.4
961	65.5
975	65.5
990	65.4
1004	65.1
1019	65.1
1033	65.5
1048	65.5
1064	65.7
1079	65.8
1095	66
1111	66.2
1127	66.2
1143	66.3
1160	66.4
1177	66.7
1194	66.9
1211	67
1229	67.1
1247	67.3
1265	67
1283	67.5
1302	67.8
1321	67.8
1340	67.7
1360	67.9
1379	67.9
1399	68.4
1420	68.6
1440	68.6
1461	68.8
1483	69
1504	69.2
1526	69.3
1548	69.3
1571	69.3
1594	69.3
1617	69.5
1640	69.3
1664	69.2
1688	69.5
1713	69.8
1738	70
1763	70.2
1789	70.3
1815	70.4
1841	70.6
1868	70.7
1895	70.9
1923	70.9
1951	71.1
1979	71.1
2008	71.2
2037	70.9
2067	71.1
2097	71.3
2127	71.2
2158	71.4
2190	71.4
2221	71.3
2254	71.5
2287	71.6
2320	71.7
2354	71.5
2388	71.5
2423	71.5
2458	71.4
2494	71.6
2530	71.5
2567	71.5
2604	71.4
2642	71.5
2680	71.2
2719	71.2
2759	71.1
2799	71
2840	71.1
2881	70.8
2923	71
2965	71
3008	70.8
3052	70.9
3097	70.9
3142	71
3187	71
3234	71
3281	71.1
3328	71.1
3377	71.3
3426	71.3
3476	71.1
3526	71.2
3578	71.3
3630	71.3
3682	71.6
3736	71.6
3790	71.6
3846	71.8
3901	71.8
3958	71.9
4016	72.2
4074	72.1
4133	72.1
4194	72.3
4255	72.6
4316	72.8
4379	72.9
4443	73.1
4508	73.2
4573	73.4
4640	73.5
4707	73.5
4776	73.4
4845	73.4
4916	73.3
4987	73.2
5060	72.9
5133	72.8
5208	72.4
5284	72.1
5360	71.8
5438	71.6
5518	71.2
5598	70.9
5679	70.9
5762	70.7
5846	70.3
5931	70.2
6017	70.1
6104	70.1
6193	69.8
6283	69.7
6375	69.8
6467	69.7
6561	69.7
6657	69.9
6754	70
6852	70.2
6952	70.4
7053	70.5
7155	70.8
7259	71.3
7365	71.9
7472	72.6
7581	73.3
7691	74
7803	74.3
7916	74.2
8032	73.4
8148	72.8
8267	71.9
8387	70.9
8509	70.3
8633	69.7
8758	69.1
8886	68.9
9015	68.6
9146	68.5
9279	68.3
9414	68.2
9551	68.1
9690	68.1
9831	68
9974	67.7
10119	67.7
10266	67.7
10416	67.7
10567	67.7
10721	67.8
10877	67.8
11035	67.8
11196	67.9
11358	68
11524	68.1
11691	68.5
11861	69.1
12034	69.7
12209	70.1
12386	70.2
12567	70
12749	69.5
12935	68.9
13123	68.4
13314	68
13507	67.8
13704	67.7
13903	67.7
14105	67.5
14311	67.6
14519	67.9
14730	68.5
14944	69.3
15162	69.8
15382	69.8
15606	69.7
15833	69.3
16063	68.9
16297	68.5
16534	68
16774	67.3
17018	66.5
17266	65.9
17517	65.4
17772	64.9
18030	64.5
18293	64.1
18559	63.7
18829	63.2
19102	62.6
19380	61.9
20000	61.4
overall dB	96.3 dB
decay	Average
averaging	1/24 Octave
source	Headset Microphone 1 Low Range
latitude	0
longitude	0
saved	2024/07/23 11:04
peak	16.1Hz
