FFT	AudioTools 	v36 iPad battery  11%	2023/09/08 23:46	Headset Microphone 1 Low Range	EB05A3E2-10AC-49FE-A287-06AC06EBE5AD
Frequency	dB	Unweighted
19.5	63
19.8	63
20.1	63.1
20.3	63.2
20.6	63.3
20.9	63.4
21.2	63.5
21.6	63.6
21.9	63.8
22.2	63.9
22.5	64.1
22.8	64.3
23.2	64.4
23.5	64.5
23.8	64.6
24.2	64.7
24.5	64.7
24.9	64.7
25.3	64.8
25.6	64.8
26	64.8
26.4	64.7
26.8	64.6
27.2	64.5
27.5	64.4
28	64.3
28.4	64.2
28.8	64.2
29.2	64.3
29.6	64.4
30	64.4
30.5	64.5
30.9	64.6
31.4	64.6
31.8	64.7
32.3	64.8
32.8	64.9
33.2	65
33.7	65.2
34.2	65.3
34.7	65.4
35.2	65.4
35.7	65.4
36.2	65.4
36.8	65.3
37.3	65.3
37.9	65.2
38.4	65.1
39	65.2
39.5	65.2
40.1	65.4
40.7	65.6
41.3	65.7
41.9	65.8
42.5	65.9
43.1	65.9
43.7	65.9
44.4	65.9
45	65.8
45.7	65.7
46.3	65.5
47	65.3
47.7	65.1
48.4	64.9
49.1	64.7
49.8	64.5
50.5	64.4
51.3	64.4
52	64.7
52.8	64.9
53.5	65.1
54.3	65.2
55.1	65.2
55.9	65.1
56.7	65
57.5	64.8
58.4	64.8
59.2	64.7
60.1	64.6
61	64.5
61.8	64.4
62.7	64.4
63.7	64.5
64.6	64.5
65.5	64.6
66.5	64.5
67.4	64.3
68.4	64.2
69.4	64.1
70.4	64.1
71.5	64.1
72.5	64.1
73.5	63.9
74.6	63.8
75.7	63.6
76.8	63.5
77.9	63.4
79.1	63.3
80.2	63.2
81.4	63.1
82.6	63.1
83.8	63
85	62.9
86.2	62.7
87.5	62.6
88.7	62.6
90	62.3
91.3	62.2
92.7	62.1
94	62.1
95.4	62
96.8	62
98.2	61.9
99.6	61.6
101	61.3
103	61.3
104	61.4
106	61.6
107	61.7
109	61.6
110	61.5
112	61.4
113	61.2
115	61
117	60.9
118	60.9
120	60.9
122	60.8
124	60.9
125	60.9
127	60.8
129	60.7
131	60.5
133	60.4
135	60.3
137	60.2
139	60
141	60
143	59.9
145	59.7
147	59.5
149	59.3
151	59.1
154	58.9
156	58.6
158	58.4
160	58.2
163	58.1
165	58
168	57.8
170	57.8
172	57.9
175	58
177	57.9
180	57.9
183	57.9
185	57.7
188	57.6
191	57.6
194	57.6
196	57.3
199	57.1
202	57
205	57
208	56.8
211	56.7
214	56.7
217	56.8
220	56.9
224	56.8
227	56.6
230	56.3
234	56.2
237	56.3
240	56.4
244	56.4
247	56.3
251	56.3
255	56.4
258	56.4
262	56.3
266	56.4
270	56.4
274	56.3
278	56.2
282	56
286	56
290	56.1
294	56.2
298	56.1
303	56.1
307	56.1
312	56
316	55.9
321	55.7
325	55.7
330	55.8
335	55.8
340	55.9
345	56
350	56
355	56
360	55.9
365	56
371	56.1
376	56.1
382	56
387	56
393	56
398	56.1
404	56
410	56
416	56.1
422	56.2
428	56.2
434	56.3
441	56.3
447	56.2
454	56.2
460	56.3
467	56.2
474	56.2
481	56.2
488	56.1
495	56.2
502	56.3
509	56.3
517	56.4
524	56.4
532	56.3
540	56.2
547	56.2
555	56.3
563	56.4
572	56.5
580	56.5
588	56.4
597	56.4
606	56.4
614	56.4
623	56.4
632	56.5
642	56.7
651	56.7
660	56.7
670	56.7
680	56.7
690	56.7
700	56.7
710	56.8
720	56.8
731	56.8
741	56.8
752	56.8
763	57
774	57
785	56.8
797	56.9
808	57
820	57.1
832	57.2
844	57.3
856	57.4
869	57.3
882	57.3
894	57.5
907	57.7
921	57.7
934	57.8
948	57.9
961	57.9
975	57.9
990	58
1004	58
1019	58
1033	58.1
1048	58.2
1064	58.2
1079	58.3
1095	58.4
1111	58.5
1127	58.6
1143	58.6
1160	58.6
1177	58.7
1194	58.8
1211	58.8
1229	58.8
1247	58.9
1265	59
1283	59
1302	59
1321	59
1340	59.2
1360	59.4
1379	59.4
1399	59.4
1420	59.5
1440	59.7
1461	59.8
1483	60
1504	60.1
1526	60.2
1548	60.4
1571	60.5
1594	60.7
1617	60.8
1640	60.9
1664	61
1688	61.1
1713	61.2
1738	61.4
1763	61.7
1789	62.1
1815	62.8
1841	63.1
1868	63.5
1895	63.7
1923	63.9
1951	64.1
1979	64.3
2008	64.5
2037	64.7
2067	64.8
2097	65
2127	65.3
2158	65.6
2190	65.9
2221	66.1
2254	66.4
2287	66.7
2320	66.8
2354	66.9
2388	67.1
2423	67.2
2458	67.4
2494	67.5
2530	67.5
2567	67.6
2604	67.7
2642	67.8
2680	67.9
2719	67.9
2759	67.9
2799	67.9
2840	68
2881	68
2923	68
2965	68
3008	68
3052	68
3097	68
3142	68
3187	67.9
3234	67.7
3281	67.6
3328	67.6
3377	67.5
3426	67.3
3476	67.1
3526	67
3578	66.8
3630	66.7
3682	66.5
3736	66.3
3790	66.3
3846	66.2
3901	66
3958	65.9
4016	65.8
4074	65.6
4133	65.4
4194	65.4
4255	65.2
4316	65.1
4379	65
4443	64.9
4508	64.9
4573	64.8
4640	64.7
4707	64.7
4776	64.7
4845	64.7
4916	64.8
4987	64.9
5060	65
5133	65.1
5208	65.2
5284	65.2
5360	65.2
5438	65.2
5518	65
5598	64.6
5679	64.2
5762	63.7
5846	63.2
5931	62.7
6017	62.3
6104	61.9
6193	61.6
6283	61.3
6375	61.1
6467	60.9
6561	60.8
6657	60.8
6754	60.9
6852	61
6952	61.1
7053	61.4
7155	61.6
7259	61.9
7365	62.2
7472	62.4
7581	62.6
7691	62.8
7803	62.8
7916	62.7
8032	62.5
8148	62.2
8267	61.7
8387	61.2
8509	60.5
8633	59.9
8758	59.2
8886	58.5
9015	57.8
9146	57.2
9279	56.5
9414	55.8
9551	55.3
9690	54.7
9831	54.1
9974	53.4
10119	53
10266	52.7
10416	52.4
10567	52.1
10721	51.9
10877	51.8
11035	51.8
11196	52
11358	52.5
11524	53.4
11691	54.6
11861	55.9
12034	57.3
12209	58.9
12386	60.6
12567	62.5
12749	64.1
12935	65
13123	64.7
13314	63.4
13507	61.7
13704	60
13903	58.7
14105	57.2
14311	56
14519	54.9
14730	54.1
14944	53.4
15162	53.1
15382	53.1
15606	53.5
15833	54
16063	54.2
16297	54
16534	53.1
16774	51.7
17018	50
17266	48.3
17517	46.6
17772	44.9
18030	43.4
18293	42
18559	40.7
18829	39.2
19102	37.5
19380	35.8
20000	34.6
overall dB	86.5 dB
decay	Average
averaging	1/12 Octave
source	Headset Microphone 1 Low Range
latitude	0
longitude	0
saved	2023/09/08 23:46
peak	 7.3Hz
