FFT	AudioTools 	v17.4 (100) iPad battery   7%	2024/03/16 17:46	Headset Microphone 1 Low Range	EB05A3E2-10AC-49FE-A287-06AC06EBE5AD
Frequency	dB	Unweighted
19.5	69.2
19.8	69.2
20.1	69.3
20.3	69.3
20.6	69.4
20.9	69.5
21.2	69.6
21.6	69.7
21.9	69.8
22.2	69.8
22.5	69.8
22.8	69.9
23.2	69.9
23.5	69.9
23.8	70
24.2	70
24.5	70.1
24.9	70.2
25.3	70.3
25.6	70.3
26	70.4
26.4	70.4
26.8	70.4
27.2	70.4
27.5	70.4
28	70.4
28.4	70.4
28.8	70.4
29.2	70.5
29.6	70.6
30	70.6
30.5	70.6
30.9	70.6
31.4	70.6
31.8	70.5
32.3	70.5
32.8	70.5
33.2	70.6
33.7	70.7
34.2	70.7
34.7	70.8
35.2	70.9
35.7	70.9
36.2	71
36.8	71.1
37.3	71.2
37.9	71.3
38.4	71.5
39	71.6
39.5	71.6
40.1	71.5
40.7	71.4
41.3	71.3
41.9	71.3
42.5	71.3
43.1	71.3
43.7	71.3
44.4	71.3
45	71.2
45.7	71.2
46.3	71.1
47	71.2
47.7	71.2
48.4	71.2
49.1	71.1
49.8	71
50.5	71
51.3	71
52	71
52.8	71
53.5	70.9
54.3	70.8
55.1	70.6
55.9	70.6
56.7	70.8
57.5	71
58.4	71.1
59.2	71.1
60.1	71.1
61	71.1
61.8	71
62.7	70.9
63.7	70.9
64.6	70.8
65.5	70.8
66.5	70.8
67.4	70.8
68.4	70.8
69.4	70.8
70.4	70.8
71.5	70.8
72.5	70.8
73.5	70.7
74.6	70.6
75.7	70.6
76.8	70.6
77.9	70.6
79.1	70.4
80.2	70.3
81.4	70.2
82.6	70.2
83.8	70.2
85	70.2
86.2	70.2
87.5	70.2
88.7	70.1
90	70
91.3	69.9
92.7	70
94	70.1
95.4	70.2
96.8	70.2
98.2	70.4
99.6	70.3
101	70.2
103	70.2
104	70.2
106	70.2
107	70
109	69.8
110	69.7
112	69.6
113	69.6
115	69.6
117	69.5
118	69.4
120	69.4
122	69.5
124	69.5
125	69.3
127	69.1
129	68.9
131	68.8
133	68.8
135	68.9
137	68.9
139	68.8
141	68.7
143	68.7
145	68.4
147	68.1
149	68
151	68.1
154	68.1
156	68
158	67.9
160	67.8
163	67.7
165	67.7
168	67.6
170	67.7
172	67.7
175	67.7
177	67.7
180	67.6
183	67.4
185	67.3
188	67.3
191	67.3
194	67.2
196	67.1
199	67.2
202	67.2
205	67.1
208	67
211	67.1
214	67.1
217	66.7
220	66.3
224	66.1
227	66
230	65.9
234	66
237	66.1
240	66.1
244	66
247	66
251	65.8
255	65.7
258	65.6
262	65.6
266	65.6
270	65.6
274	65.4
278	65.3
282	65.2
286	65
290	65.1
294	65.1
298	65.1
303	64.8
307	64.8
312	64.8
316	64.7
321	64.5
325	64.5
330	64.5
335	64.4
340	64.3
345	64.3
350	64.3
355	64.2
360	64.1
365	64.1
371	64
376	64
382	64
387	64
393	63.9
398	64
404	64
410	64
416	64.1
422	64.1
428	64.2
434	64.2
441	63.9
447	63.8
454	63.8
460	63.9
467	63.9
474	63.8
481	63.7
488	63.7
495	63.6
502	63.8
509	64
517	64.1
524	64.1
532	64
540	64
547	64
555	64.1
563	64
572	64.1
580	64.2
588	64.2
597	64.1
606	64
614	64
623	64
632	64.1
642	64.2
651	64.3
660	64.1
670	64.1
680	64
690	64.1
700	64.4
710	64.5
720	64.5
731	64.6
741	64.7
752	64.7
763	64.6
774	64.5
785	64.7
797	64.7
808	64.7
820	64.8
832	64.9
844	65
856	65.1
869	65.1
882	65.1
894	65.1
907	65.3
921	65.3
934	65.4
948	65.6
961	65.7
975	65.7
990	65.7
1004	65.7
1019	65.7
1033	65.8
1048	65.9
1064	66.1
1079	66.2
1095	66.3
1111	66.3
1127	66.4
1143	66.5
1160	66.5
1177	66.9
1194	67.1
1211	67.1
1229	67.1
1247	67.2
1265	67.3
1283	67.5
1302	67.5
1321	67.6
1340	67.5
1360	67.7
1379	67.8
1399	67.9
1420	67.9
1440	67.9
1461	68.1
1483	68.2
1504	68.3
1526	68.3
1548	68.4
1571	68.5
1594	68.6
1617	68.6
1640	68.7
1664	68.8
1688	68.9
1713	69
1738	69
1763	69.2
1789	69.3
1815	69.5
1841	69.6
1868	69.6
1895	69.7
1923	69.8
1951	69.9
1979	70
2008	70.2
2037	70.3
2067	70.5
2097	70.5
2127	70.6
2158	70.7
2190	70.8
2221	70.9
2254	71
2287	71.1
2320	71.3
2354	71.3
2388	71.4
2423	71.5
2458	71.6
2494	71.7
2530	71.7
2567	71.8
2604	71.9
2642	72
2680	72
2719	71.9
2759	71.8
2799	71.6
2840	71.5
2881	71.3
2923	71.1
2965	70.8
3008	70.4
3052	70.1
3097	69.8
3142	69.5
3187	69.2
3234	69
3281	68.8
3328	68.8
3377	68.8
3426	68.8
3476	69
3526	69.1
3578	69.3
3630	69.6
3682	69.8
3736	70.1
3790	70.3
3846	70.4
3901	70.5
3958	70.7
4016	70.7
4074	70.6
4133	70.5
4194	70.2
4255	69.9
4316	69.6
4379	69.3
4443	69.1
4508	68.9
4573	68.6
4640	68.4
4707	68.3
4776	68.1
4845	67.9
4916	67.9
4987	67.7
5060	67.5
5133	67.3
5208	67.1
5284	66.8
5360	66.6
5438	66.4
5518	66.2
5598	65.9
5679	65.7
5762	65.5
5846	65.4
5931	65.3
6017	65.3
6104	65.4
6193	65.4
6283	65.4
6375	65.5
6467	65.5
6561	65.6
6657	65.7
6754	65.9
6852	66.1
6952	66.4
7053	66.8
7155	67.2
7259	67.7
7365	68.3
7472	68.9
7581	69.6
7691	70.2
7803	70.5
7916	70.7
8032	70.5
8148	70.3
8267	69.7
8387	69.1
8509	68.4
8633	67.6
8758	66.9
8886	66.2
9015	65.6
9146	65
9279	64.6
9414	64.2
9551	64
9690	63.8
9831	63.8
9974	63.8
10119	63.9
10266	64.2
10416	64.6
10567	65
10721	65.5
10877	66
11035	66.4
11196	66.8
11358	67
11524	66.9
11691	66.6
11861	66.1
12034	65.4
12209	64.6
12386	63.9
12567	63.2
12749	62.5
12935	61.9
13123	61.5
13314	61.1
13507	60.9
13704	60.8
13903	60.8
14105	60.9
14311	61.1
14519	61.5
14730	61.8
14944	62.2
15162	62.5
15382	63.1
15606	63.7
15833	64.1
16063	64.1
16297	63.4
16534	61.7
16774	59.2
17018	56.8
17266	55.5
17517	54.9
17772	54.5
18030	54.1
18293	53.8
18559	53.5
18829	53.3
19102	52.9
19380	52.4
20000	52
overall dB	93.2 dB
decay	Average
averaging	1/12 Octave
source	Headset Microphone 1 Low Range
latitude	0
longitude	0
saved	2024/03/16 17:46
peak	16.1Hz
