FFT	AudioTools 	v17.11 (10) iPad battery  41%	2024/08/12 20:28	Headset Microphone 1 Low Range	EB05A3E2-10AC-49FE-A287-06AC06EBE5AD
Frequency	dB	Unweighted
19.5	71.8
19.8	71.9
20.1	71.9
20.3	72
20.6	72
20.9	72.1
21.2	72.3
21.6	72.4
21.9	72.5
22.2	72.6
22.5	72.6
22.8	72.7
23.2	72.7
23.5	72.7
23.8	72.7
24.2	72.7
24.5	72.7
24.9	72.8
25.3	72.9
25.6	72.9
26	73
26.4	73.1
26.8	73.1
27.2	73.1
27.5	73.1
28	73.1
28.4	73.1
28.8	73.2
29.2	73.3
29.6	73.3
30	73.4
30.5	73.4
30.9	73.5
31.4	73.5
31.8	73.6
32.3	73.6
32.8	73.7
33.2	73.7
33.7	73.7
34.2	73.7
34.7	73.7
35.2	73.6
35.7	73.6
36.2	73.5
36.8	73.5
37.3	73.6
37.9	73.8
38.4	74
39	74.1
39.5	74.1
40.1	73.9
40.7	73.7
41.3	73.5
41.9	73.3
42.5	73.3
43.1	73.5
43.7	73.6
44.4	73.7
45	73.6
45.7	73.4
46.3	73.1
47	73
47.7	73
48.4	73.1
49.1	73.2
49.8	73.2
50.5	73.2
51.3	73.1
52	73
52.8	73
53.5	73
54.3	72.9
55.1	72.8
55.9	72.6
56.7	72.4
57.5	72.3
58.4	72.4
59.2	72.7
60.1	72.8
61	72.7
61.8	72.5
62.7	72.3
63.7	72.2
64.6	72.2
65.5	72.2
66.5	72.3
67.4	72.4
68.4	72.4
69.4	72.4
70.4	72.2
71.5	72
72.5	71.7
73.5	71.5
74.6	71.4
75.7	71.4
76.8	71.4
77.9	71.5
79.1	71.5
80.2	71.5
81.4	71.5
82.6	71.3
83.8	71
85	70.8
86.2	70.6
87.5	70.6
88.7	70.5
90	70.3
91.3	70.3
92.7	70.4
94	70.4
95.4	70.3
96.8	70.4
98.2	70.4
99.6	70.3
101	70.2
103	70
104	69.9
106	70
107	70.1
109	70.1
110	69.9
112	69.7
113	69.6
115	69.5
117	69.6
118	69.6
120	69.8
122	69.9
124	69.7
125	69.2
127	69
129	68.9
131	68.8
133	68.7
135	68.7
137	68.7
139	68.7
141	68.7
143	68.8
145	68.7
147	68.6
149	68.7
151	68.9
154	68.9
156	68.6
158	68.4
160	68.3
163	68.3
165	68.3
168	68.1
170	67.9
172	67.8
175	67.9
177	68
180	67.8
183	67.8
185	67.8
188	67.8
191	67.7
194	67.5
196	67.4
199	67.5
202	67.5
205	67.5
208	67.6
211	67.6
214	67.5
217	67.2
220	67
224	66.9
227	66.7
230	66.7
234	66.8
237	66.7
240	66.6
244	66.6
247	66.7
251	66.8
255	66.8
258	66.8
262	66.8
266	66.6
270	66.5
274	66.2
278	66
282	65.9
286	65.9
290	65.9
294	66
298	65.9
303	65.9
307	66
312	65.9
316	65.9
321	65.9
325	65.8
330	65.6
335	65.5
340	65.4
345	65.5
350	65.5
355	65.5
360	65.3
365	65.4
371	65.4
376	65.4
382	65.3
387	65.2
393	65
398	65
404	65.2
410	65.4
416	65.5
422	65.5
428	65.3
434	65.2
441	65
447	64.8
454	64.7
460	64.7
467	64.7
474	64.6
481	64.4
488	64.5
495	64.6
502	64.7
509	64.9
517	65
524	65
532	64.8
540	64.9
547	65
555	65
563	65
572	65.1
580	65.1
588	65.2
597	65.1
606	65
614	64.9
623	64.9
632	65
642	65
651	65
660	64.9
670	64.9
680	64.9
690	65.1
700	65.2
710	65
720	65
731	65
741	65.1
752	65.2
763	65.1
774	65
785	65.1
797	65.2
808	65.1
820	65.2
832	65.2
844	65.3
856	65.4
869	65.3
882	65.2
894	65.3
907	65.4
921	65.5
934	65.5
948	65.6
961	65.7
975	65.7
990	65.6
1004	65.4
1019	65.5
1033	65.7
1048	65.9
1064	66.1
1079	66.2
1095	66.2
1111	66.2
1127	66.3
1143	66.5
1160	66.5
1177	66.8
1194	67.1
1211	67.2
1229	67.2
1247	67.4
1265	67.5
1283	67.7
1302	67.9
1321	68
1340	68
1360	68.1
1379	68.3
1399	68.5
1420	68.6
1440	68.7
1461	68.8
1483	68.8
1504	68.9
1526	69
1548	68.9
1571	68.9
1594	69
1617	69.1
1640	69
1664	69.1
1688	69.2
1713	69.1
1738	69.2
1763	69.3
1789	69.3
1815	69.3
1841	69.3
1868	69.4
1895	69.5
1923	69.6
1951	69.6
1979	69.6
2008	69.7
2037	69.8
2067	69.8
2097	69.9
2127	70
2158	70.1
2190	70.1
2221	70.1
2254	70.3
2287	70.4
2320	70.5
2354	70.6
2388	70.6
2423	70.8
2458	70.9
2494	71
2530	71.2
2567	71.4
2604	71.5
2642	71.6
2680	71.6
2719	71.6
2759	71.7
2799	71.8
2840	71.8
2881	71.8
2923	72
2965	72.1
3008	72.1
3052	72
3097	71.9
3142	71.9
3187	71.9
3234	71.8
3281	71.9
3328	71.9
3377	71.9
3426	72
3476	71.9
3526	71.9
3578	71.8
3630	71.7
3682	71.7
3736	71.6
3790	71.5
3846	71.4
3901	71.1
3958	70.8
4016	70.5
4074	70
4133	69.6
4194	69.3
4255	69.2
4316	69.1
4379	69.1
4443	69.2
4508	69.4
4573	69.6
4640	70
4707	70.3
4776	70.5
4845	70.9
4916	71.2
4987	71.3
5060	71.4
5133	71.3
5208	71.1
5284	70.7
5360	70.1
5438	69.5
5518	68.9
5598	68.5
5679	68.2
5762	67.9
5846	67.7
5931	67.7
6017	67.7
6104	67.8
6193	67.9
6283	68.1
6375	68.2
6467	68.3
6561	68.7
6657	68.8
6754	69
6852	69.2
6952	69.2
7053	69.4
7155	69.6
7259	69.8
7365	69.9
7472	69.9
7581	69.9
7691	69.9
7803	69.7
7916	69.6
8032	69.4
8148	69.2
8267	69
8387	68.8
8509	68.5
8633	68.1
8758	67.8
8886	67.6
9015	67.4
9146	67.1
9279	66.7
9414	66.4
9551	66.2
9690	66.1
9831	66.2
9974	66.9
10119	67.6
10266	68.6
10416	69.6
10567	70.3
10721	70.5
10877	70.5
11035	70.3
11196	70
11358	69.7
11524	69.4
11691	69.2
11861	69.1
12034	69
12209	68.9
12386	68.9
12567	69
12749	69
12935	68.9
13123	68.7
13314	68.6
13507	68.6
13704	68.8
13903	69.1
14105	69.8
14311	70.5
14519	71.2
14730	71.8
14944	72.1
15162	72.4
15382	72.5
15606	72.3
15833	71.9
16063	71.4
16297	70.8
16534	70.1
16774	69.5
17018	68.9
17266	68.4
17517	67.9
17772	67.5
18030	67
18293	66.5
18559	65.9
18829	65.4
19102	64.7
19380	63.9
20000	63.3
overall dB	94.9 dB
decay	Average
averaging	1/12 Octave
source	Headset Microphone 1 Low Range
latitude	0
longitude	0
saved	2024/08/12 20:28
peak	16.1Hz
