FFT	AudioTools 	v17.11 (10) iPad battery  48%	2024/08/12 19:40	Headset Microphone 1 Low Range	EB05A3E2-10AC-49FE-A287-06AC06EBE5AD
Frequency	dB	Unweighted
19.5	72.3
19.8	72.4
20.1	72.5
20.3	72.5
20.6	72.6
20.9	72.7
21.2	72.8
21.6	72.9
21.9	73
22.2	73
22.5	73
22.8	73
23.2	73
23.5	73
23.8	73
24.2	73.1
24.5	73.1
24.9	73.2
25.3	73.3
25.6	73.4
26	73.5
26.4	73.5
26.8	73.5
27.2	73.4
27.5	73.3
28	73.3
28.4	73.2
28.8	73.2
29.2	73.3
29.6	73.3
30	73.4
30.5	73.5
30.9	73.6
31.4	73.7
31.8	73.7
32.3	73.7
32.8	73.7
33.2	73.7
33.7	73.6
34.2	73.5
34.7	73.4
35.2	73.3
35.7	73.2
36.2	73.2
36.8	73.3
37.3	73.4
37.9	73.6
38.4	73.7
39	73.8
39.5	73.8
40.1	73.7
40.7	73.5
41.3	73.3
41.9	73.2
42.5	73.3
43.1	73.4
43.7	73.6
44.4	73.7
45	73.6
45.7	73.5
46.3	73.3
47	73.2
47.7	73.2
48.4	73.2
49.1	73.2
49.8	73.2
50.5	73.1
51.3	73.1
52	73
52.8	73.1
53.5	73.1
54.3	73.1
55.1	73
55.9	72.8
56.7	72.7
57.5	72.6
58.4	72.7
59.2	73
60.1	73.1
61	73.2
61.8	73.1
62.7	72.9
63.7	72.8
64.6	72.8
65.5	72.9
66.5	73
67.4	73
68.4	73
69.4	72.9
70.4	72.7
71.5	72.5
72.5	72.3
73.5	72.1
74.6	72
75.7	72
76.8	72
77.9	72
79.1	71.9
80.2	71.7
81.4	71.7
82.6	71.5
83.8	71.3
85	71.1
86.2	71
87.5	71.1
88.7	71
90	70.8
91.3	70.7
92.7	70.8
94	70.9
95.4	70.8
96.8	70.9
98.2	71
99.6	70.9
101	70.8
103	70.7
104	70.7
106	70.7
107	70.8
109	70.7
110	70.7
112	70.6
113	70.5
115	70.4
117	70.4
118	70.4
120	70.5
122	70.6
124	70.5
125	70.1
127	69.9
129	69.8
131	69.7
133	69.5
135	69.4
137	69.4
139	69.6
141	69.7
143	69.9
145	69.9
147	69.8
149	69.8
151	70
154	70
156	69.8
158	69.7
160	69.5
163	69.3
165	69.1
168	69
170	68.9
172	68.8
175	68.8
177	68.6
180	68.4
183	68.3
185	68.4
188	68.5
191	68.3
194	68.1
196	68.1
199	68.2
202	68.2
205	68.1
208	68
211	68.1
214	68.3
217	67.9
220	67.6
224	67.5
227	67.4
230	67.2
234	67.4
237	67.4
240	67.3
244	67.1
247	67.2
251	67.4
255	67.3
258	67.2
262	67.3
266	67.3
270	67.3
274	67.1
278	66.9
282	66.7
286	66.5
290	66.6
294	66.7
298	66.7
303	66.8
307	66.7
312	66.6
316	66.4
321	66.3
325	66.2
330	66.2
335	66.3
340	66
345	65.8
350	65.9
355	65.9
360	65.7
365	65.9
371	65.9
376	65.9
382	65.7
387	65.6
393	65.5
398	65.5
404	65.6
410	65.9
416	66
422	65.9
428	66
434	65.9
441	65.7
447	65.5
454	65.5
460	65.5
467	65.5
474	65.3
481	65
488	65.1
495	65.3
502	65.3
509	65.4
517	65.6
524	65.5
532	65.4
540	65.3
547	65.3
555	65.5
563	65.6
572	65.7
580	65.6
588	65.6
597	65.6
606	65.6
614	65.6
623	65.6
632	65.7
642	65.7
651	65.6
660	65.4
670	65.4
680	65.3
690	65.5
700	65.6
710	65.5
720	65.4
731	65.6
741	65.6
752	65.6
763	65.6
774	65.5
785	65.5
797	65.6
808	65.6
820	65.6
832	65.6
844	65.8
856	65.8
869	65.7
882	65.5
894	65.7
907	65.9
921	66
934	66.1
948	66.2
961	66.1
975	66
990	65.8
1004	65.7
1019	65.7
1033	66
1048	66
1064	66.1
1079	66.3
1095	66.2
1111	66.2
1127	66.3
1143	66.5
1160	66.6
1177	66.9
1194	67.1
1211	67.1
1229	67.2
1247	67.5
1265	67.6
1283	67.8
1302	68
1321	68.1
1340	68.1
1360	68.2
1379	68.4
1399	68.7
1420	68.8
1440	68.9
1461	69
1483	69
1504	69.1
1526	69.2
1548	69.1
1571	69.2
1594	69.3
1617	69.3
1640	69.2
1664	69.2
1688	69.3
1713	69.3
1738	69.3
1763	69.4
1789	69.5
1815	69.4
1841	69.4
1868	69.5
1895	69.6
1923	69.6
1951	69.7
1979	69.8
2008	70
2037	70
2067	70
2097	70
2127	70.1
2158	70.3
2190	70.3
2221	70.3
2254	70.5
2287	70.6
2320	70.7
2354	70.7
2388	70.8
2423	71
2458	71.1
2494	71.2
2530	71.3
2567	71.5
2604	71.6
2642	71.7
2680	71.7
2719	71.7
2759	71.7
2799	71.9
2840	71.9
2881	72
2923	72.1
2965	72.1
3008	72
3052	71.9
3097	71.8
3142	71.7
3187	71.6
3234	71.5
3281	71.5
3328	71.5
3377	71.5
3426	71.5
3476	71.4
3526	71.3
3578	71.2
3630	71.1
3682	71
3736	70.9
3790	70.9
3846	70.8
3901	70.7
3958	70.6
4016	70.5
4074	70.4
4133	70.3
4194	70.2
4255	70.2
4316	70.2
4379	70.1
4443	70.2
4508	70.2
4573	70.3
4640	70.5
4707	70.7
4776	70.8
4845	71
4916	71.2
4987	71.3
5060	71.3
5133	71.3
5208	71.1
5284	70.7
5360	70.2
5438	69.8
5518	69.3
5598	69
5679	68.8
5762	68.7
5846	68.7
5931	68.7
6017	68.8
6104	68.9
6193	69
6283	69.3
6375	69.4
6467	69.6
6561	69.9
6657	70.1
6754	70.3
6852	70.5
6952	70.7
7053	70.9
7155	71.1
7259	71.3
7365	71.6
7472	71.7
7581	71.7
7691	71.8
7803	71.7
7916	71.5
8032	71.4
8148	71.3
8267	71
8387	70.7
8509	70.4
8633	70
8758	69.7
8886	69.5
9015	69.3
9146	69.1
9279	68.9
9414	68.9
9551	69
9690	69.3
9831	70
9974	71.2
10119	71.9
10266	72.5
10416	72.7
10567	72.7
10721	72.3
10877	72
11035	71.6
11196	71.2
11358	70.8
11524	70.4
11691	70.1
11861	70
12034	69.9
12209	69.8
12386	69.8
12567	69.8
12749	69.9
12935	69.9
13123	70.1
13314	70.5
13507	71
13704	71.8
13903	72.5
14105	73.4
14311	73.9
14519	74
14730	74
14944	73.8
15162	73.6
15382	73.5
15606	73.4
15833	73.3
16063	73.4
16297	73.1
16534	72.5
16774	71.7
17018	70.9
17266	70.1
17517	69.6
17772	69.1
18030	68.8
18293	68.4
18559	68.1
18829	67.9
19102	67.7
19380	67.1
20000	66.5
overall dB	95.8 dB
decay	Average
averaging	1/12 Octave
source	Headset Microphone 1 Low Range
latitude	0
longitude	0
saved	2024/08/12 19:40
peak	16.1Hz
