FFT	AudioTools 	v17.3 (104) iPad battery 100%	2024/02/04 20:31	Headset Microphone 1 Low Range	EB05A3E2-10AC-49FE-A287-06AC06EBE5AD
Frequency	dB	Unweighted
19.5	71.3
19.8	71.3
20.1	71.3
20.3	71.4
20.6	71.4
20.9	71.5
21.2	71.6
21.6	71.6
21.9	71.7
22.2	71.8
22.5	71.9
22.8	72
23.2	72
23.5	72.1
23.8	72.1
24.2	72.1
24.5	72.1
24.9	72.1
25.3	72.1
25.6	72
26	72
26.4	72
26.8	72
27.2	72
27.5	72.1
28	72.2
28.4	72.3
28.8	72.4
29.2	72.6
29.6	72.7
30	72.9
30.5	73.1
30.9	73.3
31.4	73.4
31.8	73.5
32.3	73.6
32.8	73.6
33.2	73.6
33.7	73.6
34.2	73.5
34.7	73.4
35.2	73.2
35.7	73.1
36.2	72.9
36.8	72.8
37.3	72.7
37.9	72.7
38.4	72.6
39	72.6
39.5	72.6
40.1	72.5
40.7	72.4
41.3	72.2
41.9	72.1
42.5	72
43.1	71.9
43.7	71.8
44.4	71.7
45	71.6
45.7	71.4
46.3	71.2
47	71.1
47.7	70.9
48.4	70.8
49.1	70.5
49.8	70.3
50.5	70.1
51.3	70.1
52	70.1
52.8	70.1
53.5	70.1
54.3	70
55.1	69.9
55.9	69.8
56.7	69.8
57.5	69.8
58.4	69.8
59.2	69.8
60.1	69.9
61	69.9
61.8	69.8
62.7	69.7
63.7	69.6
64.6	69.5
65.5	69.5
66.5	69.5
67.4	69.5
68.4	69.5
69.4	69.6
70.4	69.6
71.5	69.4
72.5	69.2
73.5	68.9
74.6	68.7
75.7	68.7
76.8	68.7
77.9	68.8
79.1	68.7
80.2	68.7
81.4	68.6
82.6	68.6
83.8	68.4
85	68.3
86.2	68.3
87.5	68.3
88.7	68.4
90	68.3
91.3	68.3
92.7	68.2
94	68.2
95.4	68
96.8	68
98.2	68
99.6	68
101	68
103	68
104	67.9
106	67.8
107	67.7
109	67.4
110	67.3
112	67.3
113	67.3
115	67.2
117	67
118	67
120	67
122	67.1
124	67.1
125	67
127	66.7
129	66.5
131	66.4
133	66.4
135	66.3
137	66.2
139	65.9
141	66
143	66.1
145	66.1
147	66
149	66
151	66
154	65.9
156	65.8
158	65.7
160	65.6
163	65.5
165	65.3
168	65.1
170	65
172	64.9
175	65
177	64.9
180	64.8
183	64.8
185	64.8
188	64.8
191	64.6
194	64.4
196	64.4
199	64.5
202	64.5
205	64.4
208	64.4
211	64.3
214	64.3
217	64.1
220	64
224	63.9
227	63.9
230	63.9
234	64
237	63.9
240	63.8
244	63.9
247	63.9
251	63.9
255	63.8
258	63.7
262	63.7
266	63.7
270	63.6
274	63.6
278	63.6
282	63.6
286	63.4
290	63.2
294	63.2
298	63.1
303	63
307	63
312	62.9
316	62.8
321	62.7
325	62.6
330	62.5
335	62.4
340	62.2
345	62.3
350	62.4
355	62.4
360	62.4
365	62.4
371	62.3
376	62.3
382	62.3
387	62.2
393	62.1
398	62
404	62.1
410	62.1
416	62.1
422	62.1
428	62.1
434	62.1
441	62
447	61.9
454	61.9
460	61.9
467	61.9
474	61.8
481	61.7
488	61.7
495	61.7
502	61.9
509	62
517	62
524	62
532	61.8
540	61.8
547	62
555	62
563	62
572	62
580	61.9
588	61.9
597	61.8
606	61.9
614	61.9
623	61.9
632	61.9
642	61.8
651	61.8
660	61.8
670	61.9
680	61.9
690	61.9
700	62
710	62
720	61.9
731	61.9
741	62
752	62.1
763	62.1
774	62
785	62
797	62.1
808	62.2
820	62.2
832	62.2
844	62.2
856	62.3
869	62.3
882	62.3
894	62.4
907	62.5
921	62.5
934	62.6
948	62.7
961	62.8
975	62.8
990	62.8
1004	62.8
1019	62.9
1033	63
1048	63.1
1064	63.3
1079	63.4
1095	63.4
1111	63.3
1127	63.4
1143	63.5
1160	63.6
1177	64
1194	64.1
1211	64
1229	64.1
1247	64.2
1265	64.4
1283	64.5
1302	64.6
1321	64.7
1340	64.8
1360	64.9
1379	65.1
1399	65.1
1420	65.1
1440	65.1
1461	65.1
1483	65.1
1504	65.2
1526	65.3
1548	65.4
1571	65.4
1594	65.5
1617	65.5
1640	65.5
1664	65.5
1688	65.5
1713	65.5
1738	65.5
1763	65.5
1789	65.5
1815	65.6
1841	65.7
1868	65.7
1895	65.8
1923	65.8
1951	66
1979	66
2008	66
2037	66.1
2067	66.2
2097	66.3
2127	66.4
2158	66.5
2190	66.5
2221	66.6
2254	66.7
2287	66.8
2320	67
2354	67.1
2388	67.2
2423	67.3
2458	67.6
2494	67.7
2530	67.8
2567	68
2604	68.3
2642	68.5
2680	68.6
2719	68.7
2759	68.8
2799	68.9
2840	69.1
2881	69.3
2923	69.5
2965	69.6
3008	69.7
3052	69.8
3097	69.9
3142	70
3187	70.1
3234	70.3
3281	70.4
3328	70.5
3377	70.6
3426	70.7
3476	70.8
3526	70.9
3578	71
3630	71.1
3682	71.2
3736	71.3
3790	71.3
3846	71.4
3901	71.3
3958	71
4016	70.6
4074	69.9
4133	69.1
4194	68.5
4255	68.1
4316	68.1
4379	68.2
4443	68.6
4508	69.1
4573	69.7
4640	70.3
4707	70.9
4776	71.4
4845	72.1
4916	72.7
4987	73.3
5060	73.8
5133	74.2
5208	74.3
5284	74.4
5360	74.3
5438	74.1
5518	73.8
5598	73.4
5679	73.1
5762	72.7
5846	72.3
5931	72
6017	71.7
6104	71.5
6193	71.3
6283	71.1
6375	71.1
6467	71.1
6561	71.2
6657	71.3
6754	71.4
6852	71.6
6952	71.8
7053	71.9
7155	72
7259	71.9
7365	71.8
7472	71.5
7581	71.1
7691	70.7
7803	70.3
7916	70
8032	69.7
8148	69.5
8267	69.4
8387	69.3
8509	69.4
8633	69.5
8758	69.5
8886	69.6
9015	69.6
9146	69.5
9279	69.3
9414	69.1
9551	68.7
9690	68.4
9831	68.2
9974	68.1
10119	68
10266	68.1
10416	68.1
10567	68
10721	67.8
10877	67.4
11035	67
11196	66.6
11358	66.2
11524	65.8
11691	65.4
11861	65.1
12034	64.8
12209	64.5
12386	64.2
12567	64.1
12749	64
12935	64.1
13123	64.5
13314	65.2
13507	66.3
13704	67.6
13903	68.6
14105	69.6
14311	70.1
14519	70.5
14730	70.8
14944	71.4
15162	72.1
15382	72.5
15606	71.7
15833	70.4
16063	69.1
16297	67.9
16534	67.1
16774	66.5
17018	66
17266	65.3
17517	64.2
17772	63.1
18030	62.1
18293	61.3
18559	60.7
18829	60.3
19102	59.7
19380	59.1
20000	58.6
overall dB	93.5 dB
decay	Average
averaging	1/12 Octave
source	Headset Microphone 1 Low Range
latitude	0
longitude	0
saved	2024/02/04 20:31
peak	16.1Hz
