FFT	AudioTools 	v17.13 (11) iPad battery  83%	2024/09/27 10:46	Headset Microphone 1 Low Range	EB05A3E2-10AC-49FE-A287-06AC06EBE5AD
Frequency	dB	Unweighted
19.5	73.5
19.8	73.5
20.1	73.6
20.3	73.7
20.6	73.8
20.9	73.9
21.2	74
21.6	74.1
21.9	74.2
22.2	74.2
22.5	74.2
22.8	74.1
23.2	74
23.5	73.8
23.8	73.7
24.2	73.6
24.5	73.5
24.9	73.4
25.3	73.4
25.6	73.4
26	73.5
26.4	73.5
26.8	73.5
27.2	73.5
27.5	73.5
28	73.5
28.4	73.5
28.8	73.5
29.2	73.6
29.6	73.6
30	73.7
30.5	73.8
30.9	73.8
31.4	73.8
31.8	73.8
32.3	73.8
32.8	73.8
33.2	73.7
33.7	73.7
34.2	73.6
34.7	73.4
35.2	73.3
35.7	73.1
36.2	73.1
36.8	73.1
37.3	73.2
37.9	73.3
38.4	73.4
39	73.5
39.5	73.5
40.1	73.5
40.7	73.4
41.3	73.3
41.9	73.3
42.5	73.3
43.1	73.4
43.7	73.5
44.4	73.5
45	73.4
45.7	73.2
46.3	72.9
47	72.6
47.7	72.4
48.4	72.3
49.1	72.2
49.8	72.2
50.5	72.1
51.3	72
52	71.9
52.8	71.8
53.5	71.8
54.3	71.8
55.1	71.7
55.9	71.6
56.7	71.6
57.5	71.6
58.4	71.7
59.2	71.9
60.1	72
61	72.1
61.8	72
62.7	71.9
63.7	71.8
64.6	71.6
65.5	71.5
66.5	71.4
67.4	71.3
68.4	71.3
69.4	71.3
70.4	71.2
71.5	71
72.5	70.7
73.5	70.4
74.6	70.2
75.7	70.1
76.8	70.2
77.9	70.2
79.1	70.1
80.2	70
81.4	70
82.6	69.9
83.8	69.7
85	69.5
86.2	69.5
87.5	69.6
88.7	69.5
90	69.1
91.3	69
92.7	68.9
94	68.9
95.4	68.9
96.8	69
98.2	68.9
99.6	68.7
101	68.4
103	68.2
104	68.1
106	68.2
107	68.2
109	68.1
110	68.1
112	68.2
113	68.2
115	68.1
117	67.9
118	67.9
120	68
122	68.2
124	67.8
125	67.3
127	67
129	67
131	67
133	66.8
135	66.6
137	66.5
139	66.4
141	66.4
143	66.5
145	66.6
147	66.7
149	66.8
151	66.9
154	66.9
156	66.6
158	66.3
160	66.2
163	66.2
165	65.8
168	65.4
170	65.1
172	65.3
175	65.4
177	65.1
180	65
183	65.1
185	65.1
188	65
191	64.9
194	64.9
196	65.1
199	65.2
202	64.9
205	64.5
208	64.3
211	64.6
214	64.7
217	64.4
220	64.3
224	64.2
227	63.9
230	63.6
234	63.8
237	63.9
240	64
244	63.9
247	63.9
251	64
255	64.1
258	64.1
262	64.4
266	64.5
270	64.4
274	64.1
278	63.8
282	63.6
286	63.8
290	63.9
294	63.9
298	63.7
303	63.8
307	63.9
312	63.7
316	63.6
321	63.6
325	63.5
330	63.4
335	63.5
340	63.4
345	63.3
350	63.3
355	63.2
360	63.1
365	63
371	63
376	63.2
382	63.2
387	63.2
393	63
398	63
404	63.1
410	63.1
416	63.1
422	63.1
428	63.1
434	63.2
441	63.1
447	63.1
454	63.1
460	63.2
467	63
474	62.9
481	62.8
488	62.9
495	62.9
502	62.9
509	63
517	63.2
524	63.3
532	63.1
540	63.1
547	63.3
555	63.6
563	63.7
572	63.6
580	63.6
588	63.6
597	63.4
606	63.3
614	63
623	62.9
632	63
642	63.1
651	63.2
660	63.2
670	63.1
680	62.9
690	62.9
700	63
710	63.1
720	63.3
731	63.5
741	63.5
752	63.4
763	63.2
774	63.1
785	63.3
797	63.4
808	63.4
820	63.3
832	63.2
844	63.3
856	63.4
869	63.4
882	63.2
894	63.1
907	63.4
921	63.6
934	63.6
948	63.6
961	63.6
975	63.4
990	63.3
1004	63.3
1019	63.5
1033	63.7
1048	63.8
1064	63.9
1079	64.1
1095	64.2
1111	64.2
1127	64.3
1143	64.3
1160	64.5
1177	64.8
1194	65
1211	65.1
1229	65.2
1247	65.3
1265	65.4
1283	65.6
1302	65.8
1321	65.8
1340	65.9
1360	66
1379	66.1
1399	66.3
1420	66.4
1440	66.5
1461	66.7
1483	66.9
1504	67
1526	67.1
1548	67
1571	67
1594	67.2
1617	67.2
1640	67
1664	66.9
1688	67
1713	67.1
1738	67.3
1763	67.5
1789	67.6
1815	67.8
1841	67.9
1868	68
1895	68.2
1923	68.2
1951	68.4
1979	68.5
2008	68.6
2037	68.7
2067	68.9
2097	68.9
2127	69.1
2158	69.3
2190	69.4
2221	69.5
2254	69.7
2287	70
2320	70.1
2354	70.2
2388	70.3
2423	70.5
2458	70.8
2494	71
2530	71.1
2567	71.3
2604	71.4
2642	71.5
2680	71.6
2719	71.6
2759	71.5
2799	71.5
2840	71.5
2881	71.4
2923	71.4
2965	71.3
3008	71.2
3052	71.1
3097	70.8
3142	70.6
3187	70.4
3234	70.1
3281	70.1
3328	70
3377	69.8
3426	69.7
3476	69.5
3526	69.5
3578	69.4
3630	69.4
3682	69.4
3736	69.2
3790	69.1
3846	69.1
3901	69
3958	68.9
4016	68.8
4074	68.6
4133	68.5
4194	68.6
4255	68.5
4316	68.3
4379	68.2
4443	68.1
4508	68.1
4573	68
4640	67.9
4707	67.8
4776	67.7
4845	67.7
4916	67.7
4987	67.7
5060	67.8
5133	67.9
5208	67.9
5284	68.1
5360	68.3
5438	68.4
5518	68.5
5598	68.5
5679	68.6
5762	68.6
5846	68.5
5931	68.4
6017	68.3
6104	68.2
6193	67.9
6283	67.7
6375	67.5
6467	67.4
6561	67.3
6657	67.2
6754	67.2
6852	67.2
6952	67.2
7053	67.3
7155	67.5
7259	67.7
7365	68
7472	68.4
7581	68.9
7691	69.4
7803	69.8
7916	70
8032	70.1
8148	70
8267	69.7
8387	69.1
8509	68.4
8633	67.7
8758	67.1
8886	66.4
9015	65.8
9146	65.4
9279	65.2
9414	64.9
9551	64.7
9690	64.6
9831	64.5
9974	64.3
10119	64.3
10266	64.3
10416	64.3
10567	64.5
10721	64.6
10877	64.7
11035	64.9
11196	65
11358	65.3
11524	65.5
11691	65.8
11861	66
12034	66.2
12209	66.2
12386	66.3
12567	66.3
12749	66.2
12935	66
13123	65.8
13314	65.5
13507	65.3
13704	65.1
13903	64.9
14105	64.8
14311	64.9
14519	65
14730	65.3
14944	65.8
15162	66.4
15382	67.4
15606	67.5
15833	66.9
16063	65.9
16297	64.7
16534	63.7
16774	63
17018	62.6
17266	62.3
17517	62.1
17772	62
18030	61.9
18293	61.7
18559	61.4
18829	61
19102	60.4
19380	59.7
20000	59.1
overall dB	95.4 dB
decay	Average
averaging	1/12 Octave
source	Headset Microphone 1 Low Range
latitude	0
longitude	0
saved	2024/09/27 10:46
peak	16.1Hz
