FFT	AudioTools 	v17.12 (3) iPad battery  64%	2024/08/24 21:51	Headset Microphone 1 Low Range	EB05A3E2-10AC-49FE-A287-06AC06EBE5AD
Frequency	dB	Unweighted
19.5	72.2
19.8	72.3
20.1	72.3
20.3	72.3
20.6	72.4
20.9	72.5
21.2	72.6
21.6	72.6
21.9	72.7
22.2	72.7
22.5	72.7
22.8	72.6
23.2	72.6
23.5	72.5
23.8	72.4
24.2	72.3
24.5	72.3
24.9	72.3
25.3	72.3
25.6	72.4
26	72.5
26.4	72.5
26.8	72.6
27.2	72.6
27.5	72.5
28	72.5
28.4	72.5
28.8	72.5
29.2	72.5
29.6	72.6
30	72.6
30.5	72.7
30.9	72.7
31.4	72.7
31.8	72.7
32.3	72.7
32.8	72.7
33.2	72.7
33.7	72.7
34.2	72.7
34.7	72.7
35.2	72.7
35.7	72.6
36.2	72.6
36.8	72.5
37.3	72.6
37.9	72.6
38.4	72.7
39	72.8
39.5	72.8
40.1	72.8
40.7	72.8
41.3	72.7
41.9	72.7
42.5	72.8
43.1	72.9
43.7	73
44.4	73
45	73
45.7	72.9
46.3	72.7
47	72.6
47.7	72.5
48.4	72.4
49.1	72.4
49.8	72.3
50.5	72.3
51.3	72.2
52	72.1
52.8	72.1
53.5	72
54.3	72
55.1	71.8
55.9	71.7
56.7	71.7
57.5	71.8
58.4	71.9
59.2	72.2
60.1	72.3
61	72.4
61.8	72.5
62.7	72.5
63.7	72.5
64.6	72.5
65.5	72.6
66.5	72.7
67.4	72.7
68.4	72.7
69.4	72.6
70.4	72.5
71.5	72.4
72.5	72.3
73.5	72.2
74.6	72.1
75.7	72.1
76.8	72.1
77.9	72.1
79.1	72.1
80.2	72.2
81.4	72.2
82.6	72.1
83.8	72
85	71.8
86.2	71.8
87.5	71.8
88.7	71.7
90	71.4
91.3	71.4
92.7	71.5
94	71.5
95.4	71.5
96.8	71.6
98.2	71.7
99.6	71.6
101	71.5
103	71.4
104	71.4
106	71.5
107	71.5
109	71.5
110	71.6
112	71.7
113	71.5
115	71.4
117	71.4
118	71.5
120	71.6
122	71.6
124	71.2
125	70.8
127	70.8
129	70.8
131	70.8
133	70.8
135	70.7
137	70.6
139	70.6
141	70.7
143	70.9
145	70.8
147	70.8
149	70.8
151	71.1
154	71.1
156	70.8
158	70.7
160	70.7
163	70.7
165	70.5
168	70.1
170	69.8
172	69.9
175	70
177	70
180	69.9
183	69.8
185	69.8
188	69.8
191	69.8
194	69.7
196	69.7
199	69.8
202	69.8
205	69.7
208	69.5
211	69.8
214	70
217	69.8
220	69.5
224	69.4
227	69.3
230	69.1
234	69.2
237	69.4
240	69.4
244	69.3
247	69.4
251	69.6
255	69.6
258	69.6
262	69.7
266	69.7
270	69.6
274	69.2
278	68.8
282	68.7
286	68.9
290	69.1
294	69.1
298	69.1
303	69.1
307	69.2
312	69.2
316	69
321	68.8
325	68.8
330	68.7
335	68.7
340	68.7
345	68.7
350	68.7
355	68.6
360	68.4
365	68.5
371	68.6
376	68.6
382	68.7
387	68.7
393	68.5
398	68.5
404	68.5
410	68.5
416	68.6
422	68.6
428	68.7
434	68.8
441	68.5
447	68.5
454	68.4
460	68.4
467	68.3
474	68.3
481	68.4
488	68.5
495	68.5
502	68.5
509	68.7
517	68.8
524	68.8
532	68.6
540	68.6
547	68.8
555	68.9
563	69
572	69.1
580	69.1
588	69
597	68.8
606	68.8
614	68.8
623	68.7
632	68.8
642	69
651	69.1
660	69
670	69
680	68.9
690	68.9
700	69
710	69
720	69.2
731	69.2
741	69.1
752	69.1
763	68.9
774	68.7
785	68.9
797	69
808	68.9
820	68.8
832	68.7
844	68.7
856	68.8
869	68.7
882	68.5
894	68.3
907	68.5
921	68.5
934	68.5
948	68.4
961	68.4
975	68.3
990	68.3
1004	68.1
1019	68.3
1033	68.5
1048	68.6
1064	68.7
1079	68.8
1095	68.8
1111	68.8
1127	69
1143	69.2
1160	69.4
1177	69.7
1194	69.9
1211	70.1
1229	70.3
1247	70.4
1265	70.6
1283	70.7
1302	70.9
1321	71
1340	71.1
1360	71.3
1379	71.5
1399	71.9
1420	72.1
1440	72.2
1461	72.4
1483	72.6
1504	72.8
1526	72.9
1548	72.9
1571	73
1594	73.2
1617	73.3
1640	73.3
1664	73.4
1688	73.5
1713	73.6
1738	73.8
1763	74.1
1789	74.3
1815	74.5
1841	74.6
1868	74.7
1895	74.7
1923	74.8
1951	74.8
1979	74.8
2008	74.7
2037	74.7
2067	74.7
2097	74.6
2127	74.5
2158	74.5
2190	74.4
2221	74.3
2254	74.3
2287	74.3
2320	74.2
2354	74
2388	73.9
2423	73.7
2458	73.6
2494	73.6
2530	73.6
2567	73.5
2604	73.5
2642	73.6
2680	73.6
2719	73.5
2759	73.5
2799	73.4
2840	73.3
2881	73.2
2923	73.2
2965	73
3008	73
3052	72.9
3097	72.8
3142	72.8
3187	72.8
3234	72.7
3281	72.8
3328	72.8
3377	72.8
3426	72.7
3476	72.6
3526	72.7
3578	72.7
3630	72.9
3682	73
3736	73
3790	73.1
3846	73.4
3901	73.5
3958	73.8
4016	74
4074	74
4133	74.1
4194	74.1
4255	73.9
4316	73.6
4379	73.3
4443	72.9
4508	72.6
4573	72.2
4640	71.9
4707	71.5
4776	71.3
4845	71.2
4916	71.2
4987	71.2
5060	71.2
5133	71.4
5208	71.5
5284	71.8
5360	72.1
5438	72.5
5518	72.7
5598	72.8
5679	72.8
5762	72.6
5846	72.3
5931	72
6017	71.6
6104	71.3
6193	71
6283	70.7
6375	70.4
6467	70.2
6561	70.1
6657	70
6754	70
6852	69.9
6952	69.8
7053	69.9
7155	69.8
7259	69.7
7365	69.6
7472	69.5
7581	69.3
7691	69.1
7803	68.9
7916	68.9
8032	69
8148	69.1
8267	69.1
8387	69.2
8509	69.5
8633	69.8
8758	70
8886	70.1
9015	70
9146	69.9
9279	69.8
9414	69.6
9551	69.3
9690	68.9
9831	68.6
9974	68.2
10119	67.9
10266	67.6
10416	67.5
10567	67.4
10721	67.2
10877	67.1
11035	67
11196	66.8
11358	66.8
11524	66.6
11691	66.5
11861	66.4
12034	66.2
12209	66
12386	65.9
12567	65.8
12749	65.7
12935	65.5
13123	65.4
13314	65.2
13507	65.1
13704	65
13903	64.9
14105	64.8
14311	64.7
14519	64.7
14730	64.6
14944	64.6
15162	64.5
15382	64.2
15606	64.1
15833	64.2
16063	64.4
16297	64.5
16534	64.1
16774	63.6
17018	63.2
17266	62.7
17517	62.3
17772	61.9
18030	61.5
18293	61.1
18559	60.7
18829	60.2
19102	59.7
19380	59.2
20000	58.9
overall dB	96.4 dB
decay	Average
averaging	1/12 Octave
source	Headset Microphone 1 Low Range
latitude	0
longitude	0
saved	2024/08/24 21:51
peak	16.1Hz
