FFT	AudioTools 	v17.4 (100) iPad battery  93%	2024/03/14 21:22	Headset Microphone 1 Low Range	EB05A3E2-10AC-49FE-A287-06AC06EBE5AD
Frequency	dB	Unweighted
19.5	65.8
19.8	65.8
20.1	65.8
20.3	65.8
20.6	65.8
20.9	65.9
21.2	65.9
21.6	65.9
21.9	65.9
22.2	65.9
22.5	65.9
22.8	65.8
23.2	65.8
23.5	65.7
23.8	65.7
24.2	65.7
24.5	65.8
24.9	65.8
25.3	66
25.6	66
26	66.1
26.4	66.2
26.8	66.2
27.2	66.2
27.5	66.2
28	66.1
28.4	66.1
28.8	66.1
29.2	66.1
29.6	66.1
30	66.1
30.5	66.1
30.9	66.2
31.4	66.2
31.8	66.2
32.3	66.1
32.8	66.1
33.2	66
33.7	65.8
34.2	65.7
34.7	65.6
35.2	65.4
35.7	65.4
36.2	65.3
36.8	65.3
37.3	65.4
37.9	65.4
38.4	65.5
39	65.6
39.5	65.6
40.1	65.5
40.7	65.5
41.3	65.4
41.9	65.4
42.5	65.4
43.1	65.5
43.7	65.5
44.4	65.5
45	65.3
45.7	65.2
46.3	65.1
47	65
47.7	65
48.4	64.8
49.1	64.6
49.8	64.4
50.5	64.3
51.3	64.3
52	64.3
52.8	64.2
53.5	64.1
54.3	63.9
55.1	63.8
55.9	63.8
56.7	64
57.5	64.2
58.4	64.2
59.2	64.2
60.1	64.2
61	64.1
61.8	63.9
62.7	63.7
63.7	63.6
64.6	63.4
65.5	63.2
66.5	63.1
67.4	63
68.4	62.9
69.4	62.9
70.4	62.9
71.5	62.9
72.5	62.9
73.5	62.9
74.6	62.8
75.7	62.7
76.8	62.5
77.9	62.4
79.1	62.2
80.2	62.2
81.4	62.2
82.6	62.2
83.8	62.1
85	62
86.2	61.9
87.5	61.7
88.7	61.7
90	61.7
91.3	61.6
92.7	61.6
94	61.6
95.4	61.6
96.8	61.5
98.2	61.5
99.6	61.4
101	61.4
103	61.4
104	61.3
106	61.3
107	61.3
109	61.1
110	61
112	60.9
113	60.8
115	60.8
117	60.7
118	60.5
120	60.5
122	60.5
124	60.5
125	60.3
127	60.1
129	60.1
131	60.1
133	60.1
135	59.9
137	59.8
139	59.7
141	59.7
143	59.7
145	59.7
147	59.7
149	59.6
151	59.5
154	59.4
156	59.3
158	59.1
160	59
163	59.1
165	59.1
168	59
170	59
172	59
175	58.9
177	58.7
180	58.6
183	58.5
185	58.6
188	58.5
191	58.4
194	58.4
196	58.4
199	58.4
202	58.5
205	58.5
208	58.5
211	58.4
214	58.2
217	58.1
220	57.9
224	57.8
227	57.9
230	57.9
234	57.9
237	57.8
240	57.7
244	57.6
247	57.5
251	57.5
255	57.3
258	57.2
262	57.3
266	57.3
270	57.3
274	57.3
278	57.3
282	57.3
286	57.1
290	57.1
294	57.2
298	57.2
303	57.2
307	57
312	57
316	57
321	57
325	57.1
330	57.1
335	57
340	56.9
345	56.9
350	56.9
355	56.9
360	56.8
365	56.7
371	56.7
376	56.7
382	56.8
387	56.8
393	56.7
398	56.6
404	56.7
410	56.8
416	56.9
422	57
428	57
434	57
441	56.9
447	56.9
454	56.8
460	56.7
467	56.7
474	56.7
481	56.7
488	56.6
495	56.7
502	56.8
509	56.8
517	56.8
524	56.9
532	56.9
540	56.8
547	56.8
555	56.9
563	57
572	56.9
580	56.9
588	56.8
597	56.8
606	56.9
614	56.9
623	57
632	56.9
642	57
651	57
660	57
670	57
680	57
690	57
700	57.1
710	57.2
720	57.1
731	57.1
741	57.2
752	57.3
763	57.3
774	57.3
785	57.4
797	57.5
808	57.5
820	57.5
832	57.5
844	57.6
856	57.6
869	57.7
882	57.7
894	57.9
907	57.9
921	57.9
934	58
948	58
961	58.1
975	58.2
990	58.2
1004	58.3
1019	58.3
1033	58.4
1048	58.5
1064	58.6
1079	58.6
1095	58.7
1111	58.7
1127	58.8
1143	59
1160	59.1
1177	59.3
1194	59.4
1211	59.5
1229	59.6
1247	59.7
1265	59.9
1283	60
1302	60.1
1321	60.2
1340	60.3
1360	60.5
1379	60.6
1399	60.7
1420	60.8
1440	60.8
1461	60.9
1483	60.9
1504	61
1526	61.1
1548	61.2
1571	61.3
1594	61.4
1617	61.4
1640	61.5
1664	61.6
1688	61.7
1713	61.9
1738	61.9
1763	62
1789	62.1
1815	62.2
1841	62.3
1868	62.4
1895	62.5
1923	62.6
1951	62.7
1979	62.9
2008	63
2037	63.1
2067	63.2
2097	63.3
2127	63.4
2158	63.6
2190	63.7
2221	63.8
2254	63.8
2287	63.9
2320	64
2354	64.1
2388	64.2
2423	64.3
2458	64.3
2494	64.4
2530	64.5
2567	64.6
2604	64.7
2642	64.8
2680	64.9
2719	65
2759	65.2
2799	65.4
2840	65.5
2881	65.7
2923	66
2965	66.2
3008	66.3
3052	66.4
3097	66.5
3142	66.5
3187	66.5
3234	66.4
3281	66.3
3328	66.2
3377	66.1
3426	66
3476	65.8
3526	65.7
3578	65.5
3630	65.3
3682	65.1
3736	64.9
3790	64.7
3846	64.5
3901	64.3
3958	64.1
4016	63.9
4074	63.7
4133	63.5
4194	63.3
4255	63
4316	62.8
4379	62.6
4443	62.4
4508	62.3
4573	62.1
4640	61.9
4707	61.7
4776	61.6
4845	61.4
4916	61.3
4987	61.1
5060	61
5133	60.9
5208	60.7
5284	60.6
5360	60.5
5438	60.4
5518	60.3
5598	60.2
5679	60.2
5762	60.2
5846	60.2
5931	60.2
6017	60.3
6104	60.5
6193	60.6
6283	60.7
6375	60.9
6467	61.1
6561	61.5
6657	61.7
6754	62.1
6852	62.5
6952	62.9
7053	63.3
7155	63.7
7259	64
7365	64.3
7472	64.4
7581	64.4
7691	64.3
7803	64
7916	63.7
8032	63.3
8148	62.8
8267	62.2
8387	61.5
8509	60.7
8633	59.9
8758	59.2
8886	58.5
9015	57.8
9146	57.1
9279	56.5
9414	55.9
9551	55.4
9690	55
9831	54.5
9974	53.9
10119	53.6
10266	53.3
10416	53
10567	52.8
10721	52.6
10877	52.4
11035	52.1
11196	51.9
11358	51.7
11524	51.5
11691	51.4
11861	51.2
12034	51.1
12209	51
12386	50.9
12567	50.9
12749	50.9
12935	51.1
13123	51.3
13314	51.7
13507	52.3
13704	53.1
13903	54
14105	55.2
14311	56.4
14519	57.2
14730	57.2
14944	56.5
15162	55.4
15382	53
15606	51.2
15833	49.6
16063	48.1
16297	46.8
16534	45.6
16774	44.4
17018	43.3
17266	42.1
17517	41
17772	39.8
18030	38.7
18293	37.5
18559	36.4
18829	35.1
19102	33.7
19380	32
20000	30.6
overall dB	86.3 dB
decay	Average
averaging	1/12 Octave
source	Headset Microphone 1 Low Range
latitude	0
longitude	0
saved	2024/03/14 21:22
peak	16.1Hz
