FFT	AudioTools 	v17.14 (5) iPad battery  85%	2024/10/17 11:00	Headset Microphone 1 Low Range	EB05A3E2-10AC-49FE-A287-06AC06EBE5AD
Frequency	dB	Unweighted
19.5	74.6
19.8	74.6
20.1	74.7
20.3	74.8
20.6	74.9
20.9	75
21.2	75.1
21.6	75.3
21.9	75.3
22.2	75.4
22.5	75.4
22.8	75.3
23.2	75.2
23.5	75
23.8	74.9
24.2	74.8
24.5	74.7
24.9	74.7
25.3	74.7
25.6	74.7
26	74.7
26.4	74.7
26.8	74.8
27.2	74.7
27.5	74.7
28	74.7
28.4	74.7
28.8	74.7
29.2	74.8
29.6	74.8
30	74.8
30.5	74.8
30.9	74.8
31.4	74.8
31.8	74.7
32.3	74.7
32.8	74.6
33.2	74.6
33.7	74.5
34.2	74.5
34.7	74.4
35.2	74.3
35.7	74.2
36.2	74.2
36.8	74.2
37.3	74.4
37.9	74.5
38.4	74.8
39	74.9
39.5	74.9
40.1	74.8
40.7	74.7
41.3	74.6
41.9	74.6
42.5	74.6
43.1	74.6
43.7	74.7
44.4	74.7
45	74.6
45.7	74.4
46.3	74.1
47	73.7
47.7	73.5
48.4	73.4
49.1	73.4
49.8	73.4
50.5	73.4
51.3	73.3
52	73.2
52.8	73.1
53.5	73.1
54.3	73.1
55.1	73
55.9	72.9
56.7	72.9
57.5	72.9
58.4	72.9
59.2	73
60.1	73.1
61	73.3
61.8	73.3
62.7	73.3
63.7	73.1
64.6	73
65.5	72.9
66.5	72.8
67.4	72.7
68.4	72.8
69.4	72.8
70.4	72.7
71.5	72.5
72.5	72.1
73.5	71.7
74.6	71.5
75.7	71.4
76.8	71.5
77.9	71.5
79.1	71.5
80.2	71.5
81.4	71.5
82.6	71.3
83.8	71.1
85	70.9
86.2	70.8
87.5	70.9
88.7	70.9
90	70.6
91.3	70.6
92.7	70.6
94	70.5
95.4	70.5
96.8	70.6
98.2	70.6
99.6	70.3
101	70.1
103	69.9
104	69.8
106	69.8
107	69.8
109	69.6
110	69.5
112	69.5
113	69.5
115	69.5
117	69.3
118	69.3
120	69.5
122	69.7
124	69.4
125	68.9
127	68.6
129	68.5
131	68.4
133	68.1
135	67.8
137	67.7
139	67.6
141	67.4
143	67.3
145	67.5
147	67.6
149	67.6
151	67.6
154	67.7
156	67.5
158	67.2
160	67
163	66.9
165	66.6
168	66.4
170	66.4
172	66.6
175	66.5
177	66.1
180	66
183	66.1
185	66.1
188	65.9
191	65.7
194	65.7
196	65.9
199	65.9
202	65.5
205	65.2
208	65
211	65.3
214	65.3
217	65.1
220	65.2
224	65.3
227	65
230	64.7
234	64.9
237	65
240	65
244	64.9
247	64.7
251	64.7
255	64.4
258	64.3
262	64.6
266	64.6
270	64.4
274	64
278	63.7
282	63.5
286	63.7
290	63.9
294	63.8
298	63.7
303	63.7
307	63.9
312	63.7
316	63.7
321	63.7
325	63.5
330	63.3
335	63.3
340	63.1
345	62.9
350	63
355	63
360	62.8
365	62.7
371	62.9
376	63.1
382	63.1
387	63
393	62.7
398	62.6
404	62.6
410	62.7
416	62.9
422	62.8
428	62.7
434	62.9
441	62.8
447	62.8
454	62.8
460	62.9
467	62.8
474	62.6
481	62.4
488	62.4
495	62.4
502	62.5
509	62.7
517	62.8
524	62.8
532	62.6
540	62.6
547	62.8
555	63.1
563	63.2
572	63.1
580	62.9
588	62.9
597	62.8
606	62.7
614	62.5
623	62.4
632	62.5
642	62.5
651	62.6
660	62.6
670	62.5
680	62.4
690	62.3
700	62.4
710	62.5
720	62.6
731	62.7
741	62.7
752	62.6
763	62.3
774	62.2
785	62.4
797	62.4
808	62.4
820	62.4
832	62.4
844	62.5
856	62.6
869	62.6
882	62.4
894	62.2
907	62.4
921	62.5
934	62.6
948	62.6
961	62.7
975	62.5
990	62.4
1004	62.4
1019	62.6
1033	62.8
1048	62.8
1064	62.8
1079	62.9
1095	63
1111	63
1127	63.1
1143	63.1
1160	63.3
1177	63.5
1194	63.7
1211	63.8
1229	63.8
1247	64
1265	64
1283	64.1
1302	64.3
1321	64.3
1340	64.3
1360	64.3
1379	64.3
1399	64.6
1420	64.8
1440	64.8
1461	65.1
1483	65.2
1504	65.3
1526	65.4
1548	65.2
1571	65.2
1594	65.3
1617	65.3
1640	65.1
1664	65
1688	65.1
1713	65.1
1738	65.3
1763	65.5
1789	65.6
1815	65.7
1841	65.8
1868	65.9
1895	66.1
1923	66.2
1951	66.3
1979	66.5
2008	66.6
2037	66.6
2067	66.8
2097	66.8
2127	66.9
2158	67.2
2190	67.4
2221	67.5
2254	67.7
2287	67.9
2320	68.1
2354	68.3
2388	68.4
2423	68.7
2458	69.1
2494	69.3
2530	69.5
2567	69.8
2604	69.9
2642	70
2680	70.1
2719	70.1
2759	70.1
2799	70.2
2840	70.3
2881	70.2
2923	70.3
2965	70.2
3008	70.2
3052	70.1
3097	69.9
3142	69.8
3187	69.6
3234	69.3
3281	69.2
3328	69.2
3377	69.2
3426	69
3476	68.8
3526	68.7
3578	68.7
3630	68.8
3682	68.8
3736	68.7
3790	68.6
3846	68.6
3901	68.6
3958	68.5
4016	68.5
4074	68.3
4133	68.3
4194	68.3
4255	68.2
4316	68
4379	67.9
4443	67.7
4508	67.7
4573	67.6
4640	67.5
4707	67.3
4776	67.2
4845	67
4916	67
4987	66.9
5060	66.8
5133	66.8
5208	66.7
5284	66.7
5360	66.8
5438	66.9
5518	66.9
5598	66.8
5679	66.9
5762	66.8
5846	66.8
5931	66.7
6017	66.5
6104	66.4
6193	66.2
6283	66
6375	65.8
6467	65.7
6561	65.6
6657	65.7
6754	65.7
6852	65.7
6952	65.7
7053	65.9
7155	66.2
7259	66.4
7365	66.8
7472	67.2
7581	67.6
7691	67.9
7803	68.2
7916	68.2
8032	68.2
8148	68.1
8267	67.8
8387	67.4
8509	66.9
8633	66.4
8758	66
8886	65.5
9015	65.1
9146	64.8
9279	64.6
9414	64.4
9551	64.3
9690	64.3
9831	64.4
9974	64.5
10119	64.6
10266	64.9
10416	65.2
10567	65.6
10721	65.9
10877	66
11035	66.1
11196	65.9
11358	65.5
11524	65.1
11691	64.7
11861	64.4
12034	64.1
12209	63.8
12386	63.7
12567	63.7
12749	63.6
12935	63.6
13123	63.5
13314	63.5
13507	63.5
13704	63.7
13903	63.8
14105	63.9
14311	64.3
14519	64.6
14730	64.7
14944	64.6
15162	64.2
15382	63.3
15606	62.6
15833	62
16063	61.5
16297	61.1
16534	60.8
16774	60.6
17018	60.4
17266	60.4
17517	60.6
17772	61
18030	61.4
18293	61.4
18559	60.8
18829	59.9
19102	58.8
19380	57.7
20000	56.9
overall dB	94.9 dB
decay	Average
averaging	1/12 Octave
source	Headset Microphone 1 Low Range
latitude	0
longitude	0
saved	2024/10/17 11:00
peak	16.1Hz
