FFT	AudioTools 	v17.1 (89) iPad battery 100%	2024/01/03 16:44	Headset Microphone 1 Low Range	EB05A3E2-10AC-49FE-A287-06AC06EBE5AD
Frequency	dB	Unweighted
19.5	53.6
19.8	53.7
20.1	53.8
20.3	53.9
20.6	54
20.9	54.2
21.2	54.3
21.6	54.5
21.9	54.6
22.2	54.7
22.5	54.8
22.8	54.9
23.2	55
23.5	55
23.8	55.1
24.2	55.2
24.5	55.3
24.9	55.4
25.3	55.6
25.6	55.7
26	55.9
26.4	56
26.8	56
27.2	56.1
27.5	56.1
28	56.2
28.4	56.2
28.8	56.2
29.2	56.3
29.6	56.4
30	56.5
30.5	56.7
30.9	56.8
31.4	56.9
31.8	57
32.3	57.1
32.8	57.2
33.2	57.3
33.7	57.4
34.2	57.5
34.7	57.6
35.2	57.6
35.7	57.6
36.2	57.6
36.8	57.6
37.3	57.6
37.9	57.6
38.4	57.7
39	57.8
39.5	57.9
40.1	58
40.7	58
41.3	58
41.9	58
42.5	58.1
43.1	58.3
43.7	58.4
44.4	58.5
45	58.4
45.7	58.4
46.3	58.3
47	58.4
47.7	58.4
48.4	58.5
49.1	58.5
49.8	58.5
50.5	58.6
51.3	58.7
52	58.8
52.8	58.9
53.5	58.9
54.3	58.9
55.1	58.8
55.9	58.8
56.7	58.9
57.5	59
58.4	59.2
59.2	59.3
60.1	59.3
61	59.2
61.8	59.2
62.7	59.1
63.7	59.1
64.6	59.1
65.5	59.1
66.5	59
67.4	59
68.4	59.1
69.4	59.2
70.4	59.2
71.5	59.3
72.5	59.5
73.5	59.5
74.6	59.5
75.7	59.4
76.8	59.3
77.9	59.3
79.1	59.4
80.2	59.5
81.4	59.5
82.6	59.5
83.8	59.3
85	59.3
86.2	59.3
87.5	59.3
88.7	59.3
90	59.3
91.3	59.2
92.7	59.3
94	59.4
95.4	59.5
96.8	59.6
98.2	59.7
99.6	59.7
101	59.8
103	59.9
104	60
106	60.1
107	60.2
109	60.1
110	60.1
112	60
113	60
115	60
117	60
118	60.1
120	60.2
122	60.2
124	60.2
125	60
127	59.9
129	60.1
131	60.2
133	60.3
135	60.2
137	60
139	60
141	60.1
143	60.2
145	60.4
147	60.5
149	60.4
151	60.3
154	60.2
156	60.3
158	60.3
160	60.3
163	60.4
165	60.5
168	60.4
170	60.3
172	60.3
175	60.4
177	60.5
180	60.4
183	60.4
185	60.5
188	60.4
191	60.3
194	60.3
196	60.3
199	60.2
202	60.3
205	60.3
208	60.4
211	60.4
214	60.4
217	60.4
220	60.4
224	60.4
227	60.4
230	60.5
234	60.6
237	60.6
240	60.5
244	60.5
247	60.4
251	60.3
255	60.3
258	60.3
262	60.3
266	60.4
270	60.4
274	60.4
278	60.4
282	60.4
286	60.4
290	60.4
294	60.4
298	60.4
303	60.5
307	60.4
312	60.4
316	60.4
321	60.4
325	60.4
330	60.5
335	60.4
340	60.3
345	60.3
350	60.3
355	60.3
360	60.2
365	60.3
371	60.4
376	60.4
382	60.3
387	60.3
393	60.2
398	60.1
404	60.2
410	60.2
416	60.2
422	60.2
428	60.1
434	60.1
441	60
447	60
454	60
460	60
467	60
474	60
481	60
488	59.9
495	59.9
502	60
509	60
517	59.9
524	59.9
532	59.9
540	59.9
547	59.9
555	60
563	59.9
572	59.8
580	59.7
588	59.7
597	59.6
606	59.6
614	59.6
623	59.5
632	59.5
642	59.5
651	59.4
660	59.4
670	59.3
680	59.2
690	59.2
700	59.2
710	59.3
720	59.2
731	59.2
741	59.1
752	59.1
763	59
774	59
785	59
797	59.1
808	59
820	58.9
832	58.9
844	58.9
856	58.9
869	58.8
882	58.9
894	58.9
907	58.9
921	58.9
934	59
948	59.1
961	59.1
975	59
990	59.1
1004	59.1
1019	59.1
1033	59.2
1048	59.3
1064	59.4
1079	59.5
1095	59.6
1111	59.6
1127	59.6
1143	59.8
1160	59.8
1177	59.9
1194	59.9
1211	59.9
1229	59.9
1247	59.9
1265	59.9
1283	59.9
1302	59.9
1321	59.9
1340	60
1360	60.1
1379	60.1
1399	60.2
1420	60.2
1440	60.2
1461	60.3
1483	60.3
1504	60.4
1526	60.4
1548	60.5
1571	60.6
1594	60.6
1617	60.7
1640	60.8
1664	60.8
1688	60.9
1713	61
1738	61
1763	61.2
1789	61.2
1815	61.4
1841	61.6
1868	61.7
1895	61.8
1923	61.9
1951	62.1
1979	62.2
2008	62.4
2037	62.6
2067	62.8
2097	63
2127	63.2
2158	63.5
2190	63.8
2221	64
2254	64.3
2287	64.7
2320	64.9
2354	65.2
2388	65.5
2423	65.7
2458	66
2494	66.3
2530	66.5
2567	66.7
2604	66.9
2642	67.1
2680	67.2
2719	67.3
2759	67.3
2799	67.3
2840	67.3
2881	67.2
2923	67.2
2965	67.1
3008	66.9
3052	66.7
3097	66.5
3142	66.4
3187	66.2
3234	66.1
3281	66
3328	65.9
3377	65.7
3426	65.5
3476	65.3
3526	65.1
3578	64.9
3630	64.7
3682	64.5
3736	64.5
3790	64.4
3846	64.4
3901	64.5
3958	64.5
4016	64.6
4074	64.7
4133	64.8
4194	65
4255	65.3
4316	65.5
4379	65.8
4443	66
4508	66
4573	65.9
4640	65.7
4707	65.7
4776	65.9
4845	66.3
4916	66.7
4987	66.9
5060	67.2
5133	67.3
5208	67.3
5284	67.3
5360	67.1
5438	66.9
5518	66.6
5598	66.2
5679	65.8
5762	65.5
5846	65.1
5931	64.7
6017	64.4
6104	64.1
6193	63.8
6283	63.6
6375	63.4
6467	63.3
6561	63.3
6657	63.4
6754	63.5
6852	63.6
6952	63.9
7053	64.4
7155	65
7259	65.7
7365	66.6
7472	67.7
7581	68.9
7691	70
7803	70.8
7916	71.2
8032	71.1
8148	70.6
8267	69.7
8387	68.6
8509	67.4
8633	66.3
8758	65.2
8886	64.2
9015	63.3
9146	62.6
9279	62
9414	61.5
9551	61.1
9690	60.9
9831	60.8
9974	60.9
10119	61.2
10266	61.7
10416	62.4
10567	63.4
10721	64.8
10877	66.5
11035	68.3
11196	69.5
11358	69.3
11524	68.1
11691	66.4
11861	64.7
12034	63
12209	61.7
12386	60.5
12567	59.7
12749	59.2
12935	58.9
13123	59
13314	59.3
13507	60.1
13704	61.2
13903	62.3
14105	63.9
14311	64.9
14519	64.6
14730	63.2
14944	61.3
15162	59.4
15382	57.2
15606	56.2
15833	55.7
16063	55.6
16297	56.2
16534	56.9
16774	57.1
17018	55.9
17266	53.5
17517	50.7
17772	47.9
18030	45.3
18293	43.1
18559	41.3
18829	39.6
19102	38.1
19380	36.6
20000	35.4
overall dB	86 dB
decay	Average
averaging	1/12 Octave
source	Headset Microphone 1 Low Range
latitude	0
longitude	0
saved	2024/01/03 16:44
peak	33.7Hz
