FFT	AudioTools 	v17.10 (4) iPad battery 100%	2024/07/13 16:49	Headset Microphone 1 Low Range	EB05A3E2-10AC-49FE-A287-06AC06EBE5AD
Frequency	dB	Unweighted
19.5	70.6
19.8	70.7
20.1	70.8
20.3	70.9
20.6	71.1
20.9	71.2
21.2	71.3
21.6	71.5
21.9	71.6
22.2	71.7
22.5	71.7
22.8	71.8
23.2	71.8
23.5	71.8
23.8	71.8
24.2	71.8
24.5	71.7
24.9	71.7
25.3	71.7
25.6	71.8
26	71.8
26.4	71.9
26.8	71.9
27.2	71.9
27.5	71.9
28	71.9
28.4	71.9
28.8	71.9
29.2	71.9
29.6	72
30	72
30.5	72
30.9	72
31.4	72
31.8	72
32.3	72
32.8	72
33.2	71.9
33.7	71.9
34.2	71.8
34.7	71.7
35.2	71.6
35.7	71.5
36.2	71.5
36.8	71.5
37.3	71.5
37.9	71.5
38.4	71.6
39	71.7
39.5	71.8
40.1	71.8
40.7	71.7
41.3	71.5
41.9	71.4
42.5	71.4
43.1	71.4
43.7	71.5
44.4	71.5
45	71.5
45.7	71.3
46.3	71.1
47	71
47.7	71.1
48.4	71.3
49.1	71.5
49.8	71.6
50.5	71.6
51.3	71.6
52	71.5
52.8	71.4
53.5	71.3
54.3	71.2
55.1	71
55.9	70.8
56.7	70.7
57.5	70.7
58.4	70.7
59.2	70.5
60.1	70.3
61	70.1
61.8	70
62.7	70.1
63.7	70.2
64.6	70.3
65.5	70.5
66.5	70.7
67.4	70.9
68.4	71.2
69.4	71.3
70.4	71.2
71.5	70.9
72.5	70.5
73.5	70
74.6	69.6
75.7	69.3
76.8	69.3
77.9	69.5
79.1	69.7
80.2	69.7
81.4	69.4
82.6	69.2
83.8	69
85	68.9
86.2	68.9
87.5	69
88.7	68.9
90	68.5
91.3	68.4
92.7	68.5
94	68.7
95.4	68.6
96.8	68.4
98.2	68.5
99.6	68.5
101	68.4
103	68.1
104	68
106	68
107	67.9
109	67.8
110	67.8
112	67.8
113	67.7
115	67.5
117	67.3
118	67.1
120	67.2
122	67.4
124	67.5
125	67.1
127	66.6
129	66.2
131	65.9
133	66.1
135	66
137	65.8
139	65.7
141	65.7
143	65.8
145	65.7
147	65.6
149	65.5
151	65.6
154	65.8
156	65.7
158	65.4
160	65.3
163	65.2
165	64.9
168	64.6
170	64.5
172	64.4
175	64.3
177	64.2
180	64
183	64
185	63.9
188	63.8
191	63.8
194	63.7
196	63.6
199	63.7
202	63.7
205	63.6
208	63.5
211	63.6
214	63.9
217	63.6
220	63.1
224	62.8
227	62.6
230	62.4
234	62.6
237	62.6
240	62.5
244	62.7
247	62.8
251	62.8
255	62.8
258	62.6
262	62.5
266	62.6
270	62.5
274	62.4
278	62.1
282	61.9
286	61.9
290	61.6
294	61.8
298	61.9
303	61.7
307	61.8
312	61.9
316	61.8
321	61.5
325	61.4
330	61.2
335	61.2
340	61.3
345	61.4
350	61.4
355	61.5
360	61.5
365	61.3
371	60.9
376	61
382	61.1
387	61
393	60.9
398	60.7
404	60.7
410	60.8
416	60.7
422	60.7
428	60.9
434	61
441	60.8
447	60.7
454	60.8
460	60.7
467	60.7
474	60.6
481	60.4
488	60.5
495	60.4
502	60.5
509	60.4
517	60.6
524	60.8
532	60.8
540	60.6
547	60.9
555	60.9
563	60.8
572	60.8
580	60.8
588	60.8
597	60.7
606	60.6
614	60.7
623	60.5
632	60.5
642	60.6
651	60.6
660	60.6
670	60.6
680	60.4
690	60.3
700	60.4
710	60.6
720	60.7
731	60.8
741	60.8
752	60.7
763	60.5
774	60.4
785	60.6
797	60.7
808	60.7
820	60.7
832	60.6
844	60.6
856	60.6
869	60.5
882	60.5
894	60.5
907	60.6
921	60.9
934	60.9
948	60.7
961	60.6
975	60.6
990	60.6
1004	60.5
1019	60.3
1033	60.5
1048	60.6
1064	60.7
1079	60.8
1095	61
1111	61.1
1127	61.1
1143	61.1
1160	61.3
1177	61.6
1194	61.8
1211	61.8
1229	62.1
1247	62.2
1265	62.2
1283	62.4
1302	62.7
1321	63
1340	63.2
1360	63.3
1379	63.8
1399	64.3
1420	64.5
1440	64.5
1461	64.8
1483	65.1
1504	65.2
1526	65.4
1548	65.6
1571	65.8
1594	66.1
1617	66.3
1640	66.4
1664	66.5
1688	66.6
1713	66.8
1738	66.9
1763	67.3
1789	67.5
1815	67.7
1841	67.9
1868	68.1
1895	68.2
1923	68.3
1951	68.6
1979	68.7
2008	69
2037	69.1
2067	69.3
2097	69.5
2127	69.6
2158	69.7
2190	69.8
2221	69.9
2254	70
2287	70.2
2320	70.5
2354	70.6
2388	70.7
2423	70.6
2458	70.8
2494	71
2530	70.9
2567	70.9
2604	71
2642	71.1
2680	71
2719	70.9
2759	70.8
2799	70.8
2840	70.9
2881	70.8
2923	70.9
2965	70.7
3008	70.5
3052	70.5
3097	70.4
3142	70.2
3187	69.9
3234	69.8
3281	69.6
3328	69.5
3377	69.4
3426	69.2
3476	69.1
3526	69.1
3578	68.9
3630	68.9
3682	69
3736	69
3790	68.9
3846	69
3901	69
3958	68.9
4016	68.9
4074	68.9
4133	68.8
4194	68.9
4255	69.1
4316	69.1
4379	69.2
4443	69.3
4508	69.4
4573	69.5
4640	69.6
4707	69.6
4776	69.6
4845	69.8
4916	69.8
4987	70
5060	70
5133	70.1
5208	70.1
5284	70.1
5360	70.2
5438	70.2
5518	70.2
5598	70
5679	70
5762	69.9
5846	69.8
5931	69.6
6017	69.5
6104	69.4
6193	69.3
6283	69.2
6375	69
6467	69.1
6561	69
6657	68.9
6754	69
6852	69.1
6952	69.2
7053	69.3
7155	69.5
7259	69.7
7365	70
7472	70.3
7581	70.6
7691	70.9
7803	71.1
7916	71.3
8032	71.2
8148	71.1
8267	70.9
8387	70.4
8509	69.9
8633	69.2
8758	68.5
8886	67.7
9015	66.9
9146	66.3
9279	65.8
9414	65.3
9551	64.8
9690	64.6
9831	64.3
9974	64
10119	63.9
10266	63.9
10416	63.8
10567	63.7
10721	63.6
10877	63.6
11035	63.4
11196	63.4
11358	63.3
11524	63.4
11691	63.7
11861	64.1
12034	64.6
12209	65.1
12386	65.7
12567	66.5
12749	67.5
12935	68.4
13123	69.3
13314	69.9
13507	70
13704	69.7
13903	69.4
14105	68.6
14311	67.8
14519	67.1
14730	66.4
14944	66
15162	65.7
15382	65.7
15606	65.9
15833	66.1
16063	66.3
16297	66.3
16534	66
16774	65.7
17018	65.1
17266	64.3
17517	63.4
17772	62.5
18030	62
18293	61.6
18559	61.3
18829	61
19102	60.4
19380	59.8
20000	59
overall dB	94.7 dB
decay	Average
averaging	1/24 Octave
source	Headset Microphone 1 Low Range
latitude	0
longitude	0
saved	2024/07/13 16:49
peak	11.7Hz
