FFT	AudioTools 	v17.10 (4) iPad battery  94%	2024/07/18 20:03	Headset Microphone 1 Low Range	EB05A3E2-10AC-49FE-A287-06AC06EBE5AD
Frequency	dB	Unweighted
19.5	72.7
19.8	72.8
20.1	72.8
20.3	72.9
20.6	72.9
20.9	73
21.2	73.1
21.6	73.2
21.9	73.3
22.2	73.4
22.5	73.4
22.8	73.4
23.2	73.3
23.5	73.2
23.8	73.1
24.2	73
24.5	73
24.9	72.9
25.3	72.9
25.6	73
26	73
26.4	73
26.8	73.1
27.2	73.1
27.5	73
28	73
28.4	73.1
28.8	73.1
29.2	73.1
29.6	73.2
30	73.3
30.5	73.3
30.9	73.4
31.4	73.4
31.8	73.4
32.3	73.4
32.8	73.5
33.2	73.5
33.7	73.6
34.2	73.6
34.7	73.5
35.2	73.4
35.7	73.3
36.2	73.3
36.8	73.3
37.3	73.3
37.9	73.3
38.4	73.4
39	73.4
39.5	73.4
40.1	73.4
40.7	73.4
41.3	73.3
41.9	73.3
42.5	73.3
43.1	73.4
43.7	73.6
44.4	73.7
45	73.8
45.7	73.6
46.3	73.4
47	73.1
47.7	72.9
48.4	72.8
49.1	72.7
49.8	72.7
50.5	72.7
51.3	72.6
52	72.6
52.8	72.5
53.5	72.6
54.3	72.6
55.1	72.5
55.9	72.3
56.7	72.1
57.5	72.1
58.4	72.2
59.2	72.4
60.1	72.5
61	72.7
61.8	72.8
62.7	72.8
63.7	72.6
64.6	72.5
65.5	72.5
66.5	72.4
67.4	72.3
68.4	72.2
69.4	72.2
70.4	72.1
71.5	72
72.5	71.9
73.5	71.7
74.6	71.4
75.7	71.2
76.8	71.3
77.9	71.4
79.1	71.4
80.2	71.2
81.4	71.1
82.6	71.1
83.8	70.9
85	70.6
86.2	70.6
87.5	70.8
88.7	70.8
90	70.3
91.3	70.1
92.7	70.1
94	70.2
95.4	70.1
96.8	70.3
98.2	70.4
99.6	70.2
101	70
103	69.8
104	69.7
106	69.8
107	69.8
109	69.8
110	69.9
112	70
113	69.8
115	69.5
117	69.3
118	69.4
120	69.5
122	69.8
124	69.5
125	68.8
127	68.5
129	68.5
131	68.4
133	68.5
135	68.3
137	68.1
139	67.9
141	68
143	68.1
145	68.2
147	68.1
149	68.1
151	68.3
154	68.4
156	68
158	67.6
160	67.5
163	67.6
165	67.4
168	66.9
170	66.4
172	66.3
175	66.4
177	66.4
180	66.4
183	66.2
185	66.2
188	66.1
191	66
194	65.9
196	66
199	66.4
202	66.5
205	66.3
208	66
211	66.2
214	66.8
217	66.5
220	66.1
224	65.8
227	65.5
230	65.2
234	65.5
237	65.8
240	65.8
244	65.7
247	65.6
251	65.7
255	66
258	65.8
262	65.7
266	65.9
270	66.1
274	65.9
278	65.5
282	65.2
286	65.4
290	65.7
294	65.9
298	65.8
303	65.8
307	66.1
312	66.1
316	66
321	65.9
325	65.8
330	65.7
335	65.7
340	65.8
345	65.7
350	65.7
355	65.9
360	65.7
365	65.5
371	65.5
376	65.7
382	65.8
387	65.9
393	65.7
398	65.5
404	65.7
410	65.8
416	65.9
422	66
428	65.9
434	66.2
441	66.2
447	66
454	66
460	66
467	65.9
474	65.8
481	66
488	66.3
495	66.2
502	65.9
509	66
517	66.2
524	66.5
532	66.2
540	65.9
547	66.3
555	66.6
563	66.7
572	66.6
580	66.5
588	66.6
597	66.4
606	66.3
614	66.3
623	66.1
632	66.2
642	66.3
651	66.3
660	66.1
670	66.2
680	66.2
690	65.9
700	65.8
710	66
720	66.1
731	66.3
741	66.5
752	66.3
763	66.6
774	66.2
785	66.2
797	66.6
808	66.4
820	66.4
832	66.1
844	66.3
856	66.4
869	66.4
882	66.3
894	66.1
907	66.2
921	66.6
934	66.6
948	66.6
961	66.6
975	66.6
990	66.4
1004	66.1
1019	66.1
1033	66.4
1048	66.7
1064	66.9
1079	67
1095	67.2
1111	67.3
1127	67.4
1143	67.4
1160	67.5
1177	68.1
1194	68.3
1211	68.5
1229	68.7
1247	68.9
1265	68.8
1283	69
1302	69.1
1321	69.4
1340	69.5
1360	69.7
1379	69.8
1399	70.1
1420	70.4
1440	70.5
1461	70.6
1483	70.6
1504	70.9
1526	71
1548	71
1571	71.1
1594	71.2
1617	71.4
1640	71.3
1664	71.2
1688	71.4
1713	71.6
1738	71.8
1763	72.1
1789	72.3
1815	72.5
1841	72.7
1868	72.8
1895	73
1923	73.1
1951	73.2
1979	73.2
2008	73.5
2037	73.5
2067	73.7
2097	73.8
2127	73.8
2158	73.9
2190	74.1
2221	74
2254	74.2
2287	74.3
2320	74.4
2354	74.3
2388	74.2
2423	74.1
2458	74
2494	74
2530	73.9
2567	73.9
2604	73.8
2642	73.7
2680	73.6
2719	73.4
2759	73.2
2799	73
2840	72.9
2881	72.6
2923	72.6
2965	72.4
3008	72.3
3052	72.4
3097	72.3
3142	72.2
3187	72.1
3234	72
3281	71.9
3328	71.9
3377	71.9
3426	71.9
3476	71.8
3526	71.9
3578	71.7
3630	71.9
3682	72.2
3736	72.2
3790	72.2
3846	72.4
3901	72.5
3958	72.6
4016	72.8
4074	72.9
4133	72.9
4194	73
4255	73.1
4316	73
4379	72.8
4443	72.5
4508	72.2
4573	71.8
4640	71.5
4707	71.1
4776	70.8
4845	70.5
4916	70.4
4987	70.4
5060	70.2
5133	70.3
5208	70.1
5284	69.9
5360	69.7
5438	69.7
5518	69.5
5598	69.6
5679	69.4
5762	69.3
5846	69.3
5931	69.2
6017	69.2
6104	69.3
6193	69.4
6283	69.3
6375	69.2
6467	69.3
6561	69.4
6657	69.6
6754	69.7
6852	69.8
6952	70
7053	70.3
7155	70.6
7259	70.9
7365	71.5
7472	72.2
7581	72.9
7691	73.6
7803	74.5
7916	75
8032	75.2
8148	75.1
8267	75
8387	74.5
8509	74.1
8633	73.7
8758	73.4
8886	73.2
9015	72.9
9146	72.8
9279	72.8
9414	72.8
9551	72.9
9690	73.1
9831	73.2
9974	73.3
10119	73.2
10266	73.1
10416	72.9
10567	72.5
10721	72.2
10877	71.8
11035	71.3
11196	71
11358	70.8
11524	70.7
11691	70.6
11861	70.6
12034	70.7
12209	70.7
12386	70.7
12567	70.9
12749	71.1
12935	71.4
13123	71.8
13314	72.4
13507	72.9
13704	72.9
13903	72.7
14105	71.9
14311	71
14519	70.3
14730	69.7
14944	69.4
15162	69.2
15382	68.9
15606	68.8
15833	68.6
16063	68.5
16297	68.3
16534	68.1
16774	68
17018	67.9
17266	67.9
17517	68
17772	68
18030	67.8
18293	67.5
18559	67
18829	66.4
19102	65.7
19380	64.7
20000	63.8
overall dB	96.2 dB
decay	Average
averaging	1/24 Octave
source	Headset Microphone 1 Low Range
latitude	0
longitude	0
saved	2024/07/18 20:03
peak	16.1Hz
