FFT	AudioTools 	v17.10 (4) iPad battery  94%	2024/07/18 20:01	Headset Microphone 1 Low Range	EB05A3E2-10AC-49FE-A287-06AC06EBE5AD
Frequency	dB	Unweighted
19.5	72.9
19.8	73
20.1	73.1
20.3	73.2
20.6	73.3
20.9	73.5
21.2	73.6
21.6	73.7
21.9	73.8
22.2	73.9
22.5	73.9
22.8	73.8
23.2	73.8
23.5	73.7
23.8	73.6
24.2	73.6
24.5	73.5
24.9	73.5
25.3	73.6
25.6	73.6
26	73.6
26.4	73.6
26.8	73.6
27.2	73.6
27.5	73.6
28	73.6
28.4	73.6
28.8	73.7
29.2	73.8
29.6	73.8
30	73.9
30.5	74
30.9	74.1
31.4	74.1
31.8	74
32.3	74
32.8	73.9
33.2	73.8
33.7	73.8
34.2	73.7
34.7	73.7
35.2	73.7
35.7	73.8
36.2	73.8
36.8	73.9
37.3	74
37.9	74
38.4	74.1
39	74.2
39.5	74.2
40.1	74.1
40.7	74
41.3	73.8
41.9	73.8
42.5	73.8
43.1	74
43.7	74.2
44.4	74.4
45	74.4
45.7	74.3
46.3	74
47	73.8
47.7	73.6
48.4	73.6
49.1	73.6
49.8	73.6
50.5	73.5
51.3	73.4
52	73.3
52.8	73.3
53.5	73.4
54.3	73.4
55.1	73.3
55.9	73.1
56.7	72.9
57.5	72.9
58.4	73
59.2	73.1
60.1	73.2
61	73.3
61.8	73.4
62.7	73.4
63.7	73.3
64.6	73.2
65.5	73.2
66.5	73.2
67.4	73.2
68.4	73.3
69.4	73.3
70.4	73.2
71.5	73
72.5	72.7
73.5	72.5
74.6	72.3
75.7	72.3
76.8	72.6
77.9	72.7
79.1	72.6
80.2	72.4
81.4	72.5
82.6	72.5
83.8	72.3
85	72
86.2	71.8
87.5	71.9
88.7	71.8
90	71.3
91.3	71.1
92.7	71.2
94	71.4
95.4	71.2
96.8	71.3
98.2	71.6
99.6	71.6
101	71.4
103	71.2
104	71.1
106	71.1
107	71
109	71
110	71.2
112	71.5
113	71.3
115	71.1
117	70.8
118	70.5
120	70.7
122	71.1
124	70.9
125	70.3
127	69.9
129	69.8
131	69.8
133	69.8
135	69.6
137	69.5
139	69.7
141	69.8
143	69.9
145	69.8
147	69.5
149	69.5
151	69.9
154	70.2
156	69.8
158	69.3
160	69.1
163	69.1
165	69
168	68.5
170	68.1
172	67.9
175	68.1
177	68.1
180	67.9
183	67.6
185	67.6
188	67.6
191	67.6
194	67.5
196	67.5
199	67.8
202	68.1
205	67.8
208	67.6
211	68
214	68.3
217	68
220	67.5
224	67
227	66.7
230	66.5
234	66.8
237	67.2
240	67
244	66.7
247	66.5
251	66.6
255	66.7
258	66.6
262	66.7
266	66.8
270	66.8
274	66.5
278	65.9
282	65.7
286	65.9
290	66
294	66.2
298	66
303	65.7
307	65.9
312	66
316	65.8
321	65.6
325	65.5
330	65.1
335	65.1
340	65.2
345	65.1
350	65.1
355	65.3
360	64.9
365	64.7
371	64.5
376	64.5
382	64.5
387	64.4
393	64.3
398	64.1
404	64.2
410	64.6
416	64.7
422	64.5
428	64.5
434	64.7
441	64.5
447	64.3
454	64.2
460	64.2
467	64.3
474	64.2
481	64.1
488	64.3
495	64.3
502	64.3
509	64.4
517	64.7
524	65.1
532	65
540	64.8
547	65.1
555	65.2
563	65.1
572	65.1
580	65.1
588	65.2
597	64.9
606	64.9
614	65.1
623	65
632	65.1
642	65.1
651	65.2
660	65.2
670	65.2
680	65
690	64.8
700	65.3
710	65.6
720	65.5
731	65.7
741	65.7
752	65.5
763	65.4
774	65.2
785	65.6
797	65.7
808	65.7
820	65.6
832	65.3
844	65.4
856	65.6
869	65.7
882	65.6
894	65.2
907	65.4
921	65.8
934	65.9
948	65.7
961	65.8
975	65.8
990	65.7
1004	65.4
1019	65.3
1033	65.6
1048	65.7
1064	66
1079	66.2
1095	66.3
1111	66.5
1127	66.5
1143	66.6
1160	66.7
1177	67
1194	67
1211	66.9
1229	66.9
1247	67.1
1265	66.9
1283	67.4
1302	67.9
1321	68.2
1340	68.3
1360	68.6
1379	68.7
1399	69.1
1420	69.3
1440	69.2
1461	69.4
1483	69.7
1504	69.9
1526	70.2
1548	70.3
1571	70.5
1594	70.7
1617	71.1
1640	71
1664	71.1
1688	71.4
1713	71.6
1738	71.8
1763	72.2
1789	72.4
1815	72.5
1841	72.8
1868	72.9
1895	73.1
1923	73.1
1951	73.3
1979	73.3
2008	73.4
2037	73.2
2067	73.4
2097	73.6
2127	73.5
2158	73.6
2190	73.6
2221	73.5
2254	73.6
2287	73.7
2320	73.7
2354	73.6
2388	73.6
2423	73.4
2458	73.3
2494	73.3
2530	73.1
2567	73
2604	72.8
2642	72.8
2680	72.6
2719	72.5
2759	72.3
2799	72.3
2840	72.4
2881	72.2
2923	72.4
2965	72.3
3008	72.2
3052	72.2
3097	72.1
3142	72.1
3187	72.1
3234	71.9
3281	71.9
3328	72
3377	72.2
3426	72.1
3476	72
3526	72.1
3578	72.2
3630	72.3
3682	72.6
3736	72.6
3790	72.5
3846	72.8
3901	72.8
3958	73
4016	73.2
4074	73.2
4133	73.2
4194	73.4
4255	73.7
4316	73.8
4379	73.9
4443	73.9
4508	73.9
4573	73.8
4640	73.6
4707	73.3
4776	73
4845	72.8
4916	72.6
4987	72.3
5060	71.9
5133	71.7
5208	71.4
5284	71.2
5360	70.9
5438	70.7
5518	70.4
5598	70.1
5679	70
5762	69.9
5846	69.8
5931	69.8
6017	69.7
6104	69.7
6193	69.6
6283	69.5
6375	69.6
6467	69.7
6561	69.8
6657	69.9
6754	70.2
6852	70.5
6952	70.7
7053	71
7155	71.4
7259	72
7365	72.4
7472	72.7
7581	72.8
7691	72.5
7803	72.1
7916	71.6
8032	71
8148	70.4
8267	69.8
8387	69.3
8509	69
8633	68.8
8758	68.4
8886	68.3
9015	68.1
9146	68.1
9279	67.9
9414	67.9
9551	67.8
9690	67.8
9831	67.7
9974	67.5
10119	67.4
10266	67.4
10416	67.4
10567	67.4
10721	67.5
10877	67.6
11035	67.9
11196	68.5
11358	69.2
11524	69.9
11691	70.3
11861	70.3
12034	69.9
12209	69.2
12386	68.7
12567	68.2
12749	67.9
12935	67.6
13123	67.4
13314	67.3
13507	67.3
13704	67.3
13903	67.4
14105	67.4
14311	67.8
14519	68.5
14730	69.4
14944	70.2
15162	70.4
15382	70.3
15606	69.5
15833	68.3
16063	67.1
16297	66.3
16534	65.7
16774	65.3
17018	65
17266	64.8
17517	64.6
17772	64.3
18030	64
18293	63.6
18559	63.2
18829	62.7
19102	62
19380	61.3
20000	60.7
overall dB	96.1 dB
decay	Average
averaging	1/24 Octave
source	Headset Microphone 1 Low Range
latitude	0
longitude	0
saved	2024/07/18 20:01
peak	16.1Hz
