FFT	AudioTools 	v17.1 (89) iPad battery 100%	2023/12/29 20:05	Headset Microphone 1 Low Range	EB05A3E2-10AC-49FE-A287-06AC06EBE5AD
Frequency	dB	Unweighted
19.5	68
19.8	68
20.1	68
20.3	68
20.6	68.1
20.9	68.1
21.2	68.2
21.6	68.3
21.9	68.3
22.2	68.4
22.5	68.4
22.8	68.5
23.2	68.5
23.5	68.6
23.8	68.6
24.2	68.7
24.5	68.8
24.9	68.9
25.3	69.1
25.6	69.2
26	69.3
26.4	69.4
26.8	69.4
27.2	69.4
27.5	69.4
28	69.5
28.4	69.5
28.8	69.5
29.2	69.5
29.6	69.6
30	69.6
30.5	69.7
30.9	69.8
31.4	69.8
31.8	69.9
32.3	69.9
32.8	69.9
33.2	70
33.7	70
34.2	70
34.7	70.1
35.2	70.1
35.7	70.2
36.2	70.2
36.8	70.2
37.3	70.2
37.9	70.2
38.4	70.3
39	70.3
39.5	70.3
40.1	70.2
40.7	70.2
41.3	70.1
41.9	70.2
42.5	70.3
43.1	70.5
43.7	70.6
44.4	70.7
45	70.7
45.7	70.6
46.3	70.6
47	70.6
47.7	70.7
48.4	70.7
49.1	70.7
49.8	70.7
50.5	70.7
51.3	70.7
52	70.7
52.8	70.7
53.5	70.7
54.3	70.6
55.1	70.6
55.9	70.5
56.7	70.5
57.5	70.6
58.4	70.6
59.2	70.7
60.1	70.8
61	70.7
61.8	70.7
62.7	70.6
63.7	70.6
64.6	70.6
65.5	70.6
66.5	70.6
67.4	70.7
68.4	70.7
69.4	70.7
70.4	70.6
71.5	70.6
72.5	70.5
73.5	70.4
74.6	70.3
75.7	70.3
76.8	70.3
77.9	70.3
79.1	70.3
80.2	70.4
81.4	70.3
82.6	70.1
83.8	70
85	69.9
86.2	69.8
87.5	69.9
88.7	69.9
90	69.9
91.3	69.8
92.7	69.8
94	69.7
95.4	69.5
96.8	69.4
98.2	69.3
99.6	69.2
101	69.2
103	69.2
104	69.2
106	69.3
107	69.3
109	69.2
110	69
112	68.9
113	68.7
115	68.6
117	68.5
118	68.5
120	68.5
122	68.5
124	68.5
125	68.5
127	68.7
129	68.9
131	69
133	69.1
135	69
137	68.9
139	68.9
141	68.9
143	68.9
145	68.8
147	68.7
149	68.6
151	68.5
154	68.4
156	68.2
158	68.2
160	68
163	68
165	67.8
168	67.7
170	67.5
172	67.4
175	67.4
177	67.3
180	67.1
183	67.1
185	67
188	66.8
191	66.8
194	66.7
196	66.7
199	66.6
202	66.5
205	66.3
208	66.2
211	66.2
214	66.1
217	66
220	65.8
224	65.6
227	65.5
230	65.4
234	65.4
237	65.2
240	65
244	65
247	64.9
251	64.8
255	64.8
258	64.7
262	64.7
266	64.6
270	64.6
274	64.5
278	64.4
282	64.3
286	64.2
290	64.2
294	64.1
298	63.9
303	63.9
307	63.8
312	63.7
316	63.5
321	63.4
325	63.3
330	63.2
335	63.1
340	62.9
345	62.8
350	62.7
355	62.7
360	62.6
365	62.5
371	62.4
376	62.3
382	62.2
387	62
393	61.8
398	61.6
404	61.6
410	61.5
416	61.4
422	61.4
428	61.3
434	61.1
441	61
447	60.8
454	60.6
460	60.4
467	60.3
474	60.2
481	60.1
488	60.1
495	59.9
502	59.8
509	59.9
517	59.8
524	59.6
532	59.4
540	59.4
547	59.3
555	59.2
563	59.1
572	58.9
580	58.8
588	58.8
597	58.7
606	58.6
614	58.5
623	58.4
632	58.3
642	58.2
651	58
660	57.9
670	57.8
680	57.7
690	57.6
700	57.5
710	57.4
720	57.3
731	57.2
741	57.1
752	57
763	56.9
774	56.8
785	56.8
797	56.8
808	56.7
820	56.5
832	56.4
844	56.4
856	56.4
869	56.2
882	56.2
894	56.1
907	56.1
921	56
934	56.1
948	56.1
961	56
975	55.9
990	55.9
1004	55.8
1019	55.8
1033	55.8
1048	55.8
1064	55.8
1079	55.8
1095	55.8
1111	55.7
1127	55.6
1143	55.6
1160	55.6
1177	55.8
1194	55.8
1211	55.8
1229	55.8
1247	55.7
1265	55.7
1283	55.7
1302	55.7
1321	55.6
1340	55.5
1360	55.6
1379	55.7
1399	55.8
1420	55.8
1440	56
1461	56.2
1483	56.4
1504	56.7
1526	57
1548	57.4
1571	57.8
1594	58.2
1617	58.5
1640	58.8
1664	59.1
1688	59.4
1713	59.7
1738	59.9
1763	60.2
1789	60.4
1815	60.7
1841	60.9
1868	61
1895	61.2
1923	61.4
1951	61.6
1979	61.8
2008	62
2037	62.2
2067	62.5
2097	62.7
2127	62.9
2158	63.1
2190	63.3
2221	63.5
2254	63.8
2287	64
2320	64.3
2354	64.5
2388	64.7
2423	64.8
2458	65
2494	65.2
2530	65.4
2567	65.5
2604	65.7
2642	65.8
2680	65.9
2719	65.9
2759	66
2799	66
2840	66.1
2881	66.1
2923	66.2
2965	66.2
3008	66.2
3052	66.1
3097	66.1
3142	66
3187	66
3234	65.9
3281	65.9
3328	65.8
3377	65.7
3426	65.6
3476	65.6
3526	65.5
3578	65.4
3630	65.4
3682	65.3
3736	65.2
3790	65.1
3846	65
3901	64.9
3958	64.8
4016	64.8
4074	64.6
4133	64.5
4194	64.4
4255	64.2
4316	64
4379	63.9
4443	63.7
4508	63.5
4573	63.3
4640	63.2
4707	63
4776	62.8
4845	62.6
4916	62.4
4987	62.2
5060	61.9
5133	61.6
5208	61.4
5284	61.1
5360	60.7
5438	60.4
5518	60
5598	59.6
5679	59.2
5762	58.9
5846	58.6
5931	58.2
6017	58
6104	57.7
6193	57.5
6283	57.4
6375	57.3
6467	57.2
6561	57.1
6657	57.2
6754	57.3
6852	57.5
6952	57.8
7053	58.1
7155	58.5
7259	59
7365	59.6
7472	60.2
7581	60.8
7691	61.2
7803	61.4
7916	61.2
8032	60.8
8148	60.3
8267	59.4
8387	58.3
8509	57.2
8633	56
8758	54.9
8886	53.8
9015	52.9
9146	52
9279	51.2
9414	50.4
9551	49.8
9690	49.2
9831	48.7
9974	48.1
10119	47.8
10266	47.5
10416	47.3
10567	47.2
10721	47.1
10877	47
11035	47
11196	47.1
11358	47.3
11524	47.5
11691	47.9
11861	48.3
12034	49
12209	49.8
12386	51
12567	52.5
12749	54.4
12935	57
13123	59.5
13314	60.8
13507	60.2
13704	58.7
13903	57.2
14105	55.5
14311	53.9
14519	52.7
14730	51.8
14944	51.3
15162	51.1
15382	51.4
15606	52.1
15833	53
16063	53.7
16297	53.7
16534	52.6
16774	50.9
17018	49
17266	47.1
17517	45.4
17772	44
18030	42.8
18293	41.8
18559	41.1
18829	40.5
19102	39.9
19380	39.1
20000	38.4
overall dB	90.4 dB
decay	Average
averaging	1/12 Octave
source	Headset Microphone 1 Low Range
latitude	0
longitude	0
saved	2023/12/29 20:05
peak	19.8Hz
