FFT	AudioTools 	v17.3 (104) iPad battery 100%	2024/02/04 20:44	Headset Microphone 1 Low Range	EB05A3E2-10AC-49FE-A287-06AC06EBE5AD
Frequency	dB	Unweighted
19.5	67.9
19.8	67.9
20.1	68
20.3	68
20.6	68
20.9	68
21.2	68.1
21.6	68.1
21.9	68.2
22.2	68.2
22.5	68.2
22.8	68.2
23.2	68.2
23.5	68.2
23.8	68.2
24.2	68.1
24.5	68.1
24.9	68.1
25.3	68.1
25.6	68.2
26	68.3
26.4	68.4
26.8	68.4
27.2	68.4
27.5	68.4
28	68.3
28.4	68.3
28.8	68.2
29.2	68.1
29.6	68.1
30	68.1
30.5	68.1
30.9	68.1
31.4	68.1
31.8	68.1
32.3	68.1
32.8	68.1
33.2	68.1
33.7	68.1
34.2	68.1
34.7	68.1
35.2	68
35.7	68
36.2	67.9
36.8	67.7
37.3	67.6
37.9	67.5
38.4	67.4
39	67.4
39.5	67.4
40.1	67.3
40.7	67.2
41.3	67.1
41.9	67
42.5	66.9
43.1	67
43.7	67.1
44.4	67.1
45	67.1
45.7	66.9
46.3	66.8
47	66.7
47.7	66.7
48.4	66.8
49.1	66.8
49.8	66.7
50.5	66.8
51.3	66.8
52	66.7
52.8	66.6
53.5	66.6
54.3	66.5
55.1	66.3
55.9	66.2
56.7	66.1
57.5	66.1
58.4	66.1
59.2	66.1
60.1	66.1
61	66
61.8	66
62.7	65.9
63.7	65.8
64.6	65.7
65.5	65.7
66.5	65.6
67.4	65.5
68.4	65.5
69.4	65.5
70.4	65.4
71.5	65.3
72.5	65.2
73.5	65
74.6	64.8
75.7	64.7
76.8	64.7
77.9	64.7
79.1	64.7
80.2	64.7
81.4	64.6
82.6	64.4
83.8	64.2
85	63.9
86.2	63.8
87.5	63.8
88.7	63.9
90	63.9
91.3	63.8
92.7	63.7
94	63.5
95.4	63.2
96.8	63.1
98.2	63
99.6	63
101	62.8
103	62.8
104	62.7
106	62.6
107	62.6
109	62.6
110	62.6
112	62.5
113	62.4
115	62.2
117	62.1
118	62.1
120	62.1
122	62
124	61.8
125	61.6
127	61.6
129	61.8
131	61.8
133	61.7
135	61.5
137	61.3
139	61.2
141	61.1
143	61.1
145	61.1
147	61
149	60.8
151	60.7
154	60.6
156	60.6
158	60.6
160	60.5
163	60.4
165	60.3
168	60.1
170	60
172	59.8
175	59.8
177	59.9
180	59.8
183	59.8
185	59.8
188	59.6
191	59.6
194	59.6
196	59.5
199	59.4
202	59.2
205	59.1
208	59.2
211	59.2
214	59.2
217	59.2
220	59.2
224	59.1
227	59
230	58.9
234	59
237	59
240	59
244	59
247	59
251	58.9
255	58.9
258	58.9
262	58.8
266	58.7
270	58.7
274	58.7
278	58.6
282	58.6
286	58.7
290	58.7
294	58.7
298	58.7
303	58.8
307	58.8
312	58.8
316	58.7
321	58.6
325	58.7
330	58.8
335	58.7
340	58.7
345	58.8
350	58.8
355	58.9
360	58.9
365	58.9
371	59.1
376	59.2
382	59.1
387	59
393	59
398	59
404	59.1
410	59.2
416	59.1
422	59.1
428	59
434	59.1
441	59.2
447	59.2
454	59.2
460	59.2
467	59.3
474	59.2
481	59.2
488	59.2
495	59.2
502	59.2
509	59.3
517	59.3
524	59.2
532	59.2
540	59.3
547	59.4
555	59.4
563	59.3
572	59.3
580	59.2
588	59.3
597	59.3
606	59.3
614	59.3
623	59.2
632	59.2
642	59.1
651	59
660	59
670	59
680	59
690	59
700	58.9
710	58.9
720	58.9
731	58.9
741	58.8
752	58.8
763	58.8
774	58.7
785	58.7
797	58.7
808	58.8
820	58.7
832	58.6
844	58.6
856	58.6
869	58.6
882	58.6
894	58.6
907	58.7
921	58.7
934	58.8
948	58.8
961	58.8
975	58.7
990	58.8
1004	58.9
1019	58.9
1033	59
1048	59.1
1064	59.1
1079	59.2
1095	59.3
1111	59.3
1127	59.3
1143	59.4
1160	59.4
1177	59.5
1194	59.6
1211	59.7
1229	59.7
1247	59.7
1265	59.7
1283	59.7
1302	59.7
1321	59.7
1340	59.8
1360	59.8
1379	59.9
1399	59.9
1420	60
1440	60
1461	60
1483	60
1504	60
1526	60.1
1548	60.1
1571	60.1
1594	60.2
1617	60.3
1640	60.3
1664	60.3
1688	60.3
1713	60.3
1738	60.4
1763	60.5
1789	60.5
1815	60.6
1841	60.6
1868	60.7
1895	60.7
1923	60.8
1951	60.9
1979	60.9
2008	61
2037	61
2067	61.1
2097	61.2
2127	61.3
2158	61.3
2190	61.4
2221	61.4
2254	61.6
2287	61.7
2320	61.8
2354	61.9
2388	61.9
2423	62
2458	62.1
2494	62.2
2530	62.3
2567	62.5
2604	62.6
2642	62.8
2680	63
2719	63.1
2759	63.3
2799	63.5
2840	63.8
2881	64
2923	64.4
2965	64.7
3008	64.9
3052	65.1
3097	65.2
3142	65.2
3187	65.2
3234	65.2
3281	65.2
3328	65.1
3377	65.1
3426	65.1
3476	65
3526	65
3578	65
3630	65
3682	65
3736	65
3790	65.1
3846	65.1
3901	65.2
3958	65.2
4016	65.2
4074	65.2
4133	65.2
4194	65.2
4255	65.3
4316	65.3
4379	65.2
4443	65.2
4508	65.3
4573	65.3
4640	65.3
4707	65.3
4776	65.3
4845	65.3
4916	65.3
4987	65.2
5060	65.2
5133	65.1
5208	65
5284	64.9
5360	64.7
5438	64.5
5518	64.3
5598	64
5679	63.7
5762	63.5
5846	63.2
5931	63
6017	62.8
6104	62.6
6193	62.5
6283	62.3
6375	62.3
6467	62.2
6561	62.1
6657	62.2
6754	62.2
6852	62.3
6952	62.4
7053	62.6
7155	62.9
7259	63.2
7365	63.6
7472	64.1
7581	64.6
7691	65.1
7803	65.6
7916	66
8032	66.1
8148	66.1
8267	65.7
8387	65
8509	64
8633	62.8
8758	61.6
8886	60.4
9015	59.1
9146	58
9279	56.8
9414	55.8
9551	54.8
9690	53.9
9831	53
9974	51.8
10119	51.1
10266	50.4
10416	49.8
10567	49.2
10721	48.7
10877	48.2
11035	47.8
11196	47.5
11358	47.2
11524	47
11691	46.8
11861	46.6
12034	46.5
12209	46.4
12386	46.4
12567	46.4
12749	46.5
12935	46.7
13123	46.9
13314	47.3
13507	47.9
13704	48.4
13903	48.8
14105	49.3
14311	50.5
14519	52.6
14730	55.2
14944	57
15162	57.4
15382	56
15606	54.5
15833	52.9
16063	51.5
16297	50.2
16534	49.2
16774	48.3
17018	47.6
17266	46.9
17517	46.3
17772	45.5
18030	44.6
18293	43.5
18559	42.3
18829	40.8
19102	39.2
19380	37.5
20000	36.1
overall dB	87.9 dB
decay	Average
averaging	1/12 Octave
source	Headset Microphone 1 Low Range
latitude	0
longitude	0
saved	2024/02/04 20:44
peak	19.0Hz
