FFT	AudioTools 	v17.4 (100) iPad battery  73%	2024/03/02 16:28	Headset Microphone 1 Low Range	EB05A3E2-10AC-49FE-A287-06AC06EBE5AD
Frequency	dB	Unweighted
19.5	72.7
19.8	72.7
20.1	72.7
20.3	72.7
20.6	72.8
20.9	72.9
21.2	73
21.6	73.1
21.9	73.2
22.2	73.2
22.5	73.3
22.8	73.3
23.2	73.2
23.5	73.2
23.8	73.2
24.2	73.2
24.5	73.2
24.9	73.2
25.3	73.2
25.6	73.3
26	73.4
26.4	73.4
26.8	73.4
27.2	73.3
27.5	73.3
28	73.3
28.4	73.2
28.8	73.3
29.2	73.4
29.6	73.5
30	73.6
30.5	73.7
30.9	73.8
31.4	73.8
31.8	73.8
32.3	73.8
32.8	73.8
33.2	73.9
33.7	73.9
34.2	74
34.7	74.1
35.2	74.1
35.7	74
36.2	74
36.8	73.9
37.3	73.9
37.9	73.9
38.4	74
39	74
39.5	74
40.1	73.9
40.7	73.8
41.3	73.7
41.9	73.6
42.5	73.6
43.1	73.7
43.7	73.9
44.4	73.9
45	73.8
45.7	73.6
46.3	73.4
47	73.3
47.7	73.2
48.4	73.3
49.1	73.4
49.8	73.4
50.5	73.5
51.3	73.4
52	73.4
52.8	73.3
53.5	73.3
54.3	73.3
55.1	73.2
55.9	73
56.7	72.8
57.5	72.7
58.4	72.7
59.2	72.9
60.1	73
61	73.1
61.8	73.1
62.7	73
63.7	73
64.6	73
65.5	73
66.5	72.9
67.4	72.9
68.4	73
69.4	73
70.4	72.9
71.5	72.7
72.5	72.5
73.5	72.2
74.6	72.1
75.7	72.1
76.8	72.2
77.9	72.3
79.1	72.3
80.2	72.2
81.4	71.9
82.6	71.7
83.8	71.4
85	71.4
86.2	71.5
87.5	71.6
88.7	71.6
90	71.4
91.3	71.4
92.7	71.5
94	71.6
95.4	71.4
96.8	71.4
98.2	71.4
99.6	71.2
101	71.1
103	70.9
104	70.9
106	70.9
107	71
109	70.9
110	70.8
112	70.7
113	70.5
115	70.4
117	70.4
118	70.4
120	70.5
122	70.6
124	70.3
125	69.9
127	69.6
129	69.5
131	69.4
133	69.4
135	69.4
137	69.3
139	69.4
141	69.5
143	69.5
145	69.3
147	69.2
149	69.4
151	69.6
154	69.6
156	69.3
158	69.1
160	68.9
163	68.7
165	68.5
168	68.2
170	68
172	68
175	68
177	68
180	67.9
183	67.8
185	67.8
188	67.9
191	67.7
194	67.5
196	67.4
199	67.5
202	67.4
205	67.3
208	67.1
211	67.3
214	67.5
217	67.2
220	66.8
224	66.7
227	66.5
230	66.4
234	66.5
237	66.4
240	66.4
244	66.3
247	66.4
251	66.6
255	66.6
258	66.5
262	66.5
266	66.4
270	66.3
274	66
278	65.6
282	65.6
286	65.5
290	65.4
294	65.4
298	65.3
303	65.2
307	65.3
312	65.3
316	65.1
321	64.9
325	64.7
330	64.5
335	64.5
340	64.3
345	64.2
350	64.3
355	64.2
360	64
365	64
371	64
376	64
382	63.8
387	63.6
393	63.4
398	63.4
404	63.5
410	63.6
416	63.6
422	63.5
428	63.4
434	63.5
441	63.2
447	63
454	62.9
460	62.8
467	62.7
474	62.6
481	62.5
488	62.6
495	62.6
502	62.4
509	62.6
517	62.7
524	62.7
532	62.4
540	62.4
547	62.5
555	62.5
563	62.5
572	62.4
580	62.3
588	62.3
597	62.1
606	62.1
614	62.1
623	62
632	62.1
642	62.1
651	62
660	61.7
670	61.6
680	61.5
690	61.6
700	61.7
710	61.7
720	61.7
731	61.7
741	61.7
752	61.7
763	61.6
774	61.6
785	61.6
797	61.6
808	61.6
820	61.7
832	61.7
844	61.8
856	61.9
869	61.9
882	61.8
894	61.8
907	61.9
921	62.1
934	62.1
948	62
961	62
975	62
990	61.9
1004	61.8
1019	61.9
1033	62.1
1048	62.3
1064	62.4
1079	62.6
1095	62.7
1111	62.6
1127	62.7
1143	62.8
1160	62.9
1177	63.2
1194	63.3
1211	63.3
1229	63.4
1247	63.3
1265	63.3
1283	63.5
1302	63.6
1321	63.6
1340	63.7
1360	63.8
1379	64
1399	64.3
1420	64.3
1440	64.4
1461	64.4
1483	64.6
1504	64.7
1526	64.8
1548	64.9
1571	64.9
1594	65.1
1617	65.2
1640	65.1
1664	65.2
1688	65.2
1713	65.3
1738	65.4
1763	65.6
1789	65.7
1815	65.9
1841	66.1
1868	66.1
1895	66.1
1923	66.2
1951	66.4
1979	66.4
2008	66.5
2037	66.6
2067	66.8
2097	66.9
2127	67
2158	67.2
2190	67.3
2221	67.3
2254	67.5
2287	67.7
2320	67.9
2354	67.9
2388	68
2423	68.2
2458	68.3
2494	68.4
2530	68.4
2567	68.6
2604	68.7
2642	68.8
2680	68.8
2719	68.8
2759	68.7
2799	68.7
2840	68.7
2881	68.7
2923	68.8
2965	68.7
3008	68.6
3052	68.6
3097	68.6
3142	68.6
3187	68.5
3234	68.5
3281	68.6
3328	68.6
3377	68.5
3426	68.5
3476	68.5
3526	68.5
3578	68.4
3630	68.4
3682	68.4
3736	68.4
3790	68.4
3846	68.4
3901	68.4
3958	68.5
4016	68.5
4074	68.4
4133	68.4
4194	68.4
4255	68.5
4316	68.6
4379	68.6
4443	68.7
4508	68.8
4573	68.8
4640	68.8
4707	68.8
4776	68.8
4845	68.8
4916	68.8
4987	68.7
5060	68.7
5133	68.6
5208	68.5
5284	68.4
5360	68.3
5438	68.1
5518	67.9
5598	67.6
5679	67.4
5762	67.2
5846	67
5931	66.8
6017	66.6
6104	66.5
6193	66.4
6283	66.2
6375	66.1
6467	66.1
6561	66
6657	66.1
6754	66.2
6852	66.4
6952	66.5
7053	66.8
7155	67.1
7259	67.4
7365	67.9
7472	68.5
7581	69.1
7691	69.8
7803	70.5
7916	71.1
8032	71.5
8148	71.6
8267	71.5
8387	71
8509	70.2
8633	69.1
8758	68
8886	67
9015	66
9146	65.1
9279	64.3
9414	63.6
9551	63
9690	62.5
9831	62
9974	61.5
10119	61.2
10266	61
10416	60.8
10567	60.7
10721	60.7
10877	60.6
11035	60.6
11196	60.7
11358	60.8
11524	60.9
11691	61.1
11861	61.6
12034	62.1
12209	62.7
12386	63.6
12567	64.5
12749	65.3
12935	65.7
13123	65.8
13314	65.4
13507	64.8
13704	64.2
13903	63.7
14105	63.2
14311	62.9
14519	62.7
14730	62.8
14944	63.2
15162	63.9
15382	65.3
15606	65.5
15833	64.9
16063	63.6
16297	62.2
16534	60.8
16774	59.7
17018	58.8
17266	58.1
17517	57.6
17772	57.2
18030	56.7
18293	56
18559	55
18829	54.1
19102	53.3
19380	52.6
20000	52.2
overall dB	94.2 dB
decay	Average
averaging	1/12 Octave
source	Headset Microphone 1 Low Range
latitude	0
longitude	0
saved	2024/03/02 16:28
peak	16.1Hz
