FFT	AudioTools 	v17.11 (10) iPad battery 100%	2024/08/14 18:29	Headset Microphone 1 Low Range	EB05A3E2-10AC-49FE-A287-06AC06EBE5AD
Frequency	dB	Unweighted
19.5	73.2
19.8	73.3
20.1	73.4
20.3	73.5
20.6	73.6
20.9	73.8
21.2	73.9
21.6	74.1
21.9	74.2
22.2	74.2
22.5	74.3
22.8	74.2
23.2	74.2
23.5	74.1
23.8	74.1
24.2	74.1
24.5	74.1
24.9	74.2
25.3	74.2
25.6	74.2
26	74.2
26.4	74.1
26.8	74
27.2	73.9
27.5	73.7
28	73.6
28.4	73.5
28.8	73.4
29.2	73.4
29.6	73.4
30	73.5
30.5	73.6
30.9	73.6
31.4	73.7
31.8	73.8
32.3	73.8
32.8	73.8
33.2	73.7
33.7	73.6
34.2	73.4
34.7	73.3
35.2	73.2
35.7	73.1
36.2	73.1
36.8	73.1
37.3	73.2
37.9	73.3
38.4	73.3
39	73.3
39.5	73.3
40.1	73.3
40.7	73.3
41.3	73.3
41.9	73.3
42.5	73.4
43.1	73.5
43.7	73.6
44.4	73.6
45	73.6
45.7	73.4
46.3	73.2
47	73
47.7	72.9
48.4	72.8
49.1	72.7
49.8	72.6
50.5	72.6
51.3	72.6
52	72.7
52.8	72.7
53.5	72.7
54.3	72.7
55.1	72.7
55.9	72.6
56.7	72.5
57.5	72.5
58.4	72.5
59.2	72.5
60.1	72.6
61	72.6
61.8	72.6
62.7	72.5
63.7	72.4
64.6	72.3
65.5	72.3
66.5	72.2
67.4	72.1
68.4	72
69.4	72
70.4	71.9
71.5	71.7
72.5	71.5
73.5	71.4
74.6	71.3
75.7	71.3
76.8	71.3
77.9	71.3
79.1	71.2
80.2	71.2
81.4	71.2
82.6	71
83.8	70.8
85	70.5
86.2	70.4
87.5	70.3
88.7	70.3
90	70.3
91.3	70.3
92.7	70.1
94	70
95.4	69.9
96.8	70
98.2	70
99.6	70
101	70
103	69.9
104	69.8
106	69.9
107	69.9
109	69.9
110	69.8
112	69.8
113	69.8
115	69.7
117	69.6
118	69.6
120	69.6
122	69.7
124	69.7
125	69.5
127	69.3
129	69.1
131	69
133	69
135	68.8
137	68.5
139	68.3
141	68.3
143	68.3
145	68.3
147	68.3
149	68.3
151	68.4
154	68.4
156	68.2
158	68.1
160	68
163	67.9
165	67.7
168	67.5
170	67.3
172	67.2
175	67.1
177	67
180	66.9
183	66.9
185	66.9
188	66.9
191	66.8
194	66.6
196	66.6
199	66.7
202	66.6
205	66.4
208	66.4
211	66.5
214	66.6
217	66.3
220	66.2
224	66.1
227	66
230	65.9
234	66
237	66
240	66.1
244	66
247	66
251	65.8
255	65.7
258	65.6
262	65.6
266	65.6
270	65.5
274	65.3
278	65.1
282	65.1
286	65.1
290	65.1
294	65.1
298	64.9
303	64.9
307	64.8
312	64.7
316	64.7
321	64.6
325	64.4
330	64.3
335	64.2
340	64.2
345	64.2
350	64.3
355	64.3
360	64.2
365	64.2
371	64.1
376	64
382	63.8
387	63.7
393	63.6
398	63.6
404	63.6
410	63.6
416	63.6
422	63.5
428	63.6
434	63.6
441	63.5
447	63.4
454	63.3
460	63.3
467	63.2
474	63
481	62.9
488	62.9
495	62.9
502	62.9
509	63.1
517	63.2
524	63.1
532	62.9
540	62.8
547	62.9
555	63.1
563	63.1
572	63.1
580	62.9
588	62.9
597	62.8
606	62.8
614	62.7
623	62.7
632	62.8
642	62.8
651	62.7
660	62.5
670	62.4
680	62.4
690	62.4
700	62.5
710	62.6
720	62.5
731	62.6
741	62.6
752	62.6
763	62.5
774	62.3
785	62.4
797	62.4
808	62.4
820	62.5
832	62.4
844	62.4
856	62.4
869	62.4
882	62.3
894	62.3
907	62.4
921	62.6
934	62.6
948	62.5
961	62.5
975	62.5
990	62.4
1004	62.3
1019	62.4
1033	62.6
1048	62.7
1064	62.9
1079	63
1095	63.1
1111	63
1127	63.1
1143	63.2
1160	63.4
1177	63.7
1194	63.9
1211	63.9
1229	64.1
1247	64.1
1265	64.1
1283	64.3
1302	64.5
1321	64.5
1340	64.6
1360	64.7
1379	64.8
1399	65
1420	65.1
1440	65.1
1461	65.3
1483	65.4
1504	65.6
1526	65.7
1548	65.7
1571	65.6
1594	65.7
1617	65.7
1640	65.7
1664	65.6
1688	65.7
1713	65.7
1738	65.8
1763	66
1789	66.1
1815	66.2
1841	66.3
1868	66.4
1895	66.4
1923	66.5
1951	66.6
1979	66.6
2008	66.6
2037	66.7
2067	66.8
2097	66.9
2127	67
2158	67.2
2190	67.2
2221	67.3
2254	67.4
2287	67.6
2320	67.8
2354	67.9
2388	68
2423	68.1
2458	68.3
2494	68.4
2530	68.5
2567	68.7
2604	68.8
2642	69
2680	69.1
2719	69.2
2759	69.3
2799	69.4
2840	69.6
2881	69.8
2923	70
2965	70.1
3008	70.2
3052	70.3
3097	70.3
3142	70.4
3187	70.4
3234	70.5
3281	70.6
3328	70.7
3377	70.7
3426	70.6
3476	70.5
3526	70.5
3578	70.4
3630	70.3
3682	70.2
3736	69.9
3790	69.8
3846	69.6
3901	69.3
3958	69.2
4016	69.1
4074	68.8
4133	68.5
4194	68.2
4255	68
4316	67.9
4379	67.7
4443	67.5
4508	67.3
4573	67.2
4640	67.1
4707	66.9
4776	66.8
4845	66.6
4916	66.5
4987	66.5
5060	66.3
5133	66.2
5208	66.1
5284	66
5360	66
5438	66
5518	65.9
5598	65.8
5679	65.8
5762	65.7
5846	65.7
5931	65.7
6017	65.8
6104	65.9
6193	66
6283	66
6375	66.2
6467	66.4
6561	66.6
6657	66.9
6754	67.2
6852	67.5
6952	67.8
7053	68.2
7155	68.6
7259	69
7365	69.4
7472	69.9
7581	70.3
7691	70.8
7803	71.3
7916	71.7
8032	72
8148	72
8267	71.7
8387	70.9
8509	70
8633	68.8
8758	67.7
8886	66.6
9015	65.7
9146	64.9
9279	64.3
9414	63.8
9551	63.4
9690	63
9831	62.7
9974	62.3
10119	62.1
10266	61.9
10416	61.9
10567	61.8
10721	61.8
10877	61.7
11035	61.6
11196	61.6
11358	61.6
11524	61.7
11691	61.7
11861	61.8
12034	61.8
12209	61.9
12386	62
12567	62.2
12749	62.2
12935	62.2
13123	62.3
13314	62.3
13507	62.4
13704	62.5
13903	62.5
14105	62.5
14311	62.6
14519	62.6
14730	62.6
14944	62.6
15162	62.5
15382	62.2
15606	61.9
15833	61.5
16063	61.1
16297	60.4
16534	59.7
16774	59
17018	58.3
17266	57.7
17517	57.1
17772	56.7
18030	56.2
18293	55.8
18559	55.3
18829	54.9
19102	54.3
19380	53.7
20000	53.2
overall dB	94.8 dB
decay	Average
averaging	1/12 Octave
source	Headset Microphone 1 Low Range
latitude	0
longitude	0
saved	2024/08/14 18:29
peak	22.0Hz
