FFT	AudioTools 	v17.11 (10) iPad battery 100%	2024/08/14 18:35	Headset Microphone 1 Low Range	EB05A3E2-10AC-49FE-A287-06AC06EBE5AD
Frequency	dB	Unweighted
19.5	72.7
19.8	72.7
20.1	72.8
20.3	72.8
20.6	72.9
20.9	73
21.2	73.2
21.6	73.3
21.9	73.4
22.2	73.4
22.5	73.5
22.8	73.5
23.2	73.4
23.5	73.4
23.8	73.3
24.2	73.2
24.5	73.2
24.9	73.1
25.3	73.1
25.6	73.1
26	73.1
26.4	73.2
26.8	73.2
27.2	73.1
27.5	73.1
28	73.1
28.4	73.1
28.8	73.2
29.2	73.3
29.6	73.4
30	73.5
30.5	73.7
30.9	73.7
31.4	73.7
31.8	73.7
32.3	73.6
32.8	73.5
33.2	73.5
33.7	73.4
34.2	73.3
34.7	73.3
35.2	73.2
35.7	73.1
36.2	73.1
36.8	73.1
37.3	73.1
37.9	73.1
38.4	73.2
39	73.2
39.5	73.1
40.1	73
40.7	72.9
41.3	72.9
41.9	72.9
42.5	73.1
43.1	73.2
43.7	73.4
44.4	73.5
45	73.4
45.7	73.2
46.3	73
47	72.8
47.7	72.7
48.4	72.6
49.1	72.5
49.8	72.4
50.5	72.3
51.3	72.3
52	72.2
52.8	72.3
53.5	72.4
54.3	72.4
55.1	72.4
55.9	72.2
56.7	72.1
57.5	72
58.4	71.9
59.2	72
60.1	72.1
61	72.2
61.8	72.2
62.7	72.2
63.7	72.1
64.6	72
65.5	71.9
66.5	71.9
67.4	71.9
68.4	72
69.4	72
70.4	71.9
71.5	71.8
72.5	71.6
73.5	71.5
74.6	71.3
75.7	71.2
76.8	71.2
77.9	71.2
79.1	71.2
80.2	71.1
81.4	71.1
82.6	71
83.8	70.8
85	70.6
86.2	70.6
87.5	70.6
88.7	70.6
90	70.3
91.3	70.1
92.7	70.1
94	70.1
95.4	70
96.8	70.2
98.2	70.4
99.6	70.5
101	70.4
103	70.2
104	70.2
106	70.2
107	70.2
109	70.3
110	70.4
112	70.4
113	70.2
115	70.1
117	70
118	69.9
120	70.1
122	70.1
124	69.8
125	69.4
127	69.2
129	69.2
131	69.2
133	69.2
135	69.1
137	68.9
139	68.8
141	68.8
143	68.8
145	68.8
147	68.8
149	69
151	69.2
154	69.1
156	68.8
158	68.6
160	68.5
163	68.4
165	68.1
168	67.7
170	67.5
172	67.4
175	67.3
177	67.2
180	67.1
183	67
185	67.1
188	67.1
191	67.1
194	67.1
196	67.1
199	67.3
202	67.3
205	67.1
208	67
211	67.2
214	67.4
217	67.1
220	66.7
224	66.4
227	66.2
230	66.1
234	66.3
237	66.3
240	66.4
244	66.4
247	66.5
251	66.5
255	66.5
258	66.3
262	66.4
266	66.3
270	66.3
274	66
278	65.7
282	65.6
286	65.7
290	65.7
294	65.7
298	65.5
303	65.4
307	65.5
312	65.4
316	65.3
321	65.2
325	65.2
330	65.2
335	65.1
340	65
345	64.9
350	65.1
355	65.1
360	64.9
365	64.9
371	64.8
376	64.8
382	64.6
387	64.5
393	64.4
398	64.5
404	64.6
410	64.6
416	64.6
422	64.5
428	64.6
434	64.6
441	64.3
447	64.1
454	64.1
460	64
467	63.9
474	63.9
481	63.9
488	64
495	63.9
502	63.8
509	64
517	64.2
524	64.2
532	64
540	64
547	64.1
555	64.2
563	64.3
572	64.2
580	64.1
588	64.1
597	63.9
606	63.8
614	63.8
623	63.7
632	63.7
642	63.7
651	63.7
660	63.6
670	63.5
680	63.5
690	63.5
700	63.6
710	63.7
720	63.7
731	63.8
741	63.8
752	63.8
763	63.7
774	63.6
785	63.7
797	63.7
808	63.7
820	63.6
832	63.5
844	63.6
856	63.6
869	63.7
882	63.6
894	63.5
907	63.8
921	63.9
934	63.9
948	63.8
961	63.8
975	63.7
990	63.6
1004	63.6
1019	63.7
1033	63.9
1048	64
1064	64.2
1079	64.3
1095	64.4
1111	64.4
1127	64.5
1143	64.6
1160	64.8
1177	65.1
1194	65.3
1211	65.4
1229	65.5
1247	65.5
1265	65.6
1283	65.8
1302	66
1321	66
1340	66.1
1360	66.3
1379	66.4
1399	66.7
1420	66.8
1440	66.9
1461	67
1483	67.1
1504	67.3
1526	67.3
1548	67.3
1571	67.3
1594	67.4
1617	67.4
1640	67.4
1664	67.4
1688	67.5
1713	67.5
1738	67.6
1763	67.8
1789	67.9
1815	68
1841	68.1
1868	68.2
1895	68.2
1923	68.3
1951	68.4
1979	68.4
2008	68.5
2037	68.5
2067	68.6
2097	68.7
2127	68.9
2158	69
2190	69
2221	69.1
2254	69.2
2287	69.4
2320	69.6
2354	69.7
2388	69.9
2423	70
2458	70.2
2494	70.3
2530	70.5
2567	70.7
2604	70.9
2642	71.1
2680	71.2
2719	71.4
2759	71.5
2799	71.6
2840	71.7
2881	71.7
2923	71.9
2965	72
3008	72.1
3052	72.1
3097	72
3142	72
3187	72
3234	72
3281	72
3328	72
3377	71.9
3426	71.8
3476	71.7
3526	71.7
3578	71.5
3630	71.5
3682	71.4
3736	71.2
3790	71.1
3846	71
3901	70.8
3958	70.7
4016	70.5
4074	70.3
4133	70
4194	69.9
4255	69.7
4316	69.6
4379	69.5
4443	69.3
4508	69.3
4573	69.2
4640	69.1
4707	69
4776	69
4845	69
4916	69.1
4987	69.2
5060	69.2
5133	69.3
5208	69.4
5284	69.7
5360	69.9
5438	70.1
5518	70.3
5598	70.4
5679	70.6
5762	70.6
5846	70.4
5931	70.2
6017	69.8
6104	69.6
6193	69.2
6283	68.8
6375	68.5
6467	68.4
6561	68.2
6657	68.3
6754	68.4
6852	68.5
6952	68.7
7053	69.1
7155	69.4
7259	69.8
7365	70.2
7472	70.7
7581	71.1
7691	71.4
7803	71.5
7916	71.5
8032	71.3
8148	70.9
8267	70.4
8387	69.7
8509	69
8633	68.3
8758	67.6
8886	66.9
9015	66.4
9146	65.9
9279	65.4
9414	65.1
9551	64.7
9690	64.4
9831	64.1
9974	63.7
10119	63.5
10266	63.3
10416	63.2
10567	63.1
10721	63.1
10877	63.1
11035	63.2
11196	63.4
11358	63.7
11524	63.9
11691	64.2
11861	64.6
12034	65
12209	65.4
12386	65.9
12567	66.5
12749	66.9
12935	67.4
13123	67.8
13314	68
13507	68.1
13704	68.1
13903	67.9
14105	67.6
14311	67.2
14519	66.7
14730	66.2
14944	65.7
15162	65.2
15382	64.5
15606	63.9
15833	63.5
16063	63
16297	62.6
16534	62.1
16774	61.7
17018	61.2
17266	60.8
17517	60.3
17772	59.9
18030	59.5
18293	59.1
18559	58.7
18829	58.2
19102	57.6
19380	56.9
20000	56.4
overall dB	94.5 dB
decay	Average
averaging	1/12 Octave
source	Headset Microphone 1 Low Range
latitude	0
longitude	0
saved	2024/08/14 18:35
peak	16.1Hz
