FFT	AudioTools 	v17.10 (4) iPad battery  93%	2024/07/10 14:57	Headset Microphone 1 Low Range	EB05A3E2-10AC-49FE-A287-06AC06EBE5AD
Frequency	dB	Unweighted
19.5	72.7
19.8	72.7
20.1	72.8
20.3	72.8
20.6	72.9
20.9	73
21.2	73.1
21.6	73.1
21.9	73.2
22.2	73.2
22.5	73.2
22.8	73.2
23.2	73.1
23.5	73.1
23.8	73
24.2	72.9
24.5	72.8
24.9	72.7
25.3	72.7
25.6	72.7
26	72.7
26.4	72.7
26.8	72.7
27.2	72.8
27.5	72.8
28	72.8
28.4	72.8
28.8	72.8
29.2	72.9
29.6	73
30	73.1
30.5	73.2
30.9	73.3
31.4	73.3
31.8	73.3
32.3	73.3
32.8	73.2
33.2	73.1
33.7	73
34.2	72.9
34.7	72.7
35.2	72.6
35.7	72.5
36.2	72.4
36.8	72.4
37.3	72.5
37.9	72.6
38.4	72.6
39	72.7
39.5	72.6
40.1	72.5
40.7	72.4
41.3	72.4
41.9	72.4
42.5	72.5
43.1	72.6
43.7	72.8
44.4	72.9
45	72.9
45.7	72.7
46.3	72.5
47	72.2
47.7	72
48.4	71.9
49.1	71.7
49.8	71.6
50.5	71.4
51.3	71.3
52	71.2
52.8	71.2
53.5	71.3
54.3	71.3
55.1	71.3
55.9	71.2
56.7	71.1
57.5	71.1
58.4	71.1
59.2	71
60.1	71
61	71.2
61.8	71.3
62.7	71.2
63.7	71.1
64.6	71
65.5	70.9
66.5	70.8
67.4	70.7
68.4	70.8
69.4	70.9
70.4	70.8
71.5	70.7
72.5	70.6
73.5	70.4
74.6	70.1
75.7	69.9
76.8	69.9
77.9	69.9
79.1	69.9
80.2	69.7
81.4	69.6
82.6	69.6
83.8	69.6
85	69.3
86.2	69.3
87.5	69.3
88.7	69.3
90	69
91.3	68.8
92.7	68.8
94	68.9
95.4	68.8
96.8	68.7
98.2	68.9
99.6	68.9
101	68.7
103	68.5
104	68.3
106	68.2
107	68.2
109	68.3
110	68.6
112	68.8
113	68.7
115	68.5
117	68.4
118	68.3
120	68.4
122	68.6
124	68.4
125	67.9
127	67.6
129	67.6
131	67.6
133	67.7
135	67.6
137	67.4
139	67
141	66.9
143	66.9
145	66.9
147	66.8
149	66.9
151	67.2
154	67.3
156	67
158	66.7
160	66.6
163	66.7
165	66.4
168	65.8
170	65.3
172	65.3
175	65.5
177	65.6
180	65.5
183	65.5
185	65.5
188	65.5
191	65.4
194	65.5
196	65.7
199	66
202	66.1
205	65.8
208	65.4
211	65.7
214	66.2
217	66
220	65.5
224	65.1
227	64.9
230	64.6
234	64.7
237	64.9
240	65
244	65
247	65.1
251	65.2
255	65.2
258	64.9
262	64.8
266	64.9
270	64.8
274	64.8
278	64.5
282	64.2
286	64.4
290	64.5
294	64.6
298	64.5
303	64.3
307	64.3
312	64.3
316	64.2
321	64.2
325	64.2
330	64
335	63.8
340	63.7
345	63.8
350	64
355	64.1
360	64.1
365	64.1
371	63.8
376	63.8
382	63.7
387	63.7
393	63.7
398	63.6
404	63.8
410	63.8
416	63.6
422	63.6
428	63.5
434	63.7
441	63.7
447	63.6
454	63.7
460	63.6
467	63.4
474	63.3
481	63.5
488	63.9
495	63.6
502	63.4
509	63.6
517	63.8
524	64
532	63.6
540	63.4
547	63.8
555	64.2
563	64.3
572	64.2
580	64.1
588	64.2
597	64
606	63.7
614	63.7
623	63.5
632	63.6
642	63.7
651	63.8
660	63.9
670	63.7
680	63.6
690	63.5
700	63.8
710	64.2
720	64.2
731	64.5
741	64.7
752	64.5
763	64.5
774	64.2
785	64.4
797	64.5
808	64.4
820	64.6
832	64.3
844	64.4
856	64.5
869	64.6
882	64.6
894	64.3
907	64.6
921	65.1
934	65.2
948	65.2
961	65.2
975	65.1
990	65
1004	65
1019	65
1033	65.1
1048	65.4
1064	65.8
1079	65.8
1095	65.9
1111	66.1
1127	66.1
1143	66.1
1160	66.3
1177	66.8
1194	67
1211	67.1
1229	67.2
1247	67.2
1265	67.1
1283	67.6
1302	67.7
1321	67.9
1340	67.9
1360	68.1
1379	68.3
1399	68.7
1420	68.8
1440	68.9
1461	69.2
1483	69.2
1504	69.5
1526	69.7
1548	69.7
1571	69.8
1594	70.1
1617	70.4
1640	70.3
1664	70.4
1688	70.7
1713	71
1738	71.2
1763	71.7
1789	72
1815	72.4
1841	72.7
1868	72.9
1895	73.2
1923	73.3
1951	73.5
1979	73.7
2008	73.8
2037	73.8
2067	73.9
2097	74.1
2127	74.1
2158	74.3
2190	74.4
2221	74.6
2254	74.9
2287	75.3
2320	75.6
2354	75.6
2388	75.6
2423	75.4
2458	75.3
2494	75.1
2530	74.8
2567	74.6
2604	74.2
2642	73.9
2680	73.5
2719	73.2
2759	72.7
2799	72.4
2840	72.4
2881	72.1
2923	72.3
2965	72.1
3008	72
3052	72
3097	71.7
3142	71.6
3187	71.5
3234	71.3
3281	71.3
3328	71.3
3377	71.3
3426	71.1
3476	71.1
3526	71.1
3578	71
3630	71.1
3682	71.2
3736	71.2
3790	71.1
3846	71.2
3901	71.1
3958	71.1
4016	71
4074	70.8
4133	70.8
4194	70.9
4255	71.1
4316	71.2
4379	71.3
4443	71.4
4508	71.5
4573	71.6
4640	71.6
4707	71.6
4776	71.5
4845	71.6
4916	71.5
4987	71.5
5060	71.3
5133	71.3
5208	71.2
5284	71.1
5360	71.1
5438	71.1
5518	71
5598	71
5679	71
5762	71.1
5846	71.1
5931	71.2
6017	71.1
6104	71.2
6193	71.2
6283	71.1
6375	71
6467	71.2
6561	71.3
6657	71.4
6754	71.6
6852	71.9
6952	72.1
7053	72.4
7155	72.9
7259	73.5
7365	74.2
7472	75
7581	75.8
7691	76.4
7803	76.6
7916	76.5
8032	75.8
8148	75.2
8267	74.4
8387	73.4
8509	72.6
8633	71.8
8758	71.1
8886	70.6
9015	70.1
9146	70
9279	69.9
9414	69.8
9551	69.8
9690	69.8
9831	69.8
9974	69.7
10119	69.7
10266	69.7
10416	69.8
10567	70.2
10721	70.6
10877	71.1
11035	71.4
11196	71.6
11358	71.6
11524	71.4
11691	71
11861	70.5
12034	70
12209	69.4
12386	68.9
12567	68.6
12749	68.5
12935	68.5
13123	68.6
13314	68.7
13507	68.8
13704	69
13903	69.2
14105	69.3
14311	69.5
14519	69.7
14730	70.3
14944	71.4
15162	72.5
15382	73.5
15606	73.3
15833	72.6
16063	71.8
16297	70.9
16534	70.3
16774	69.9
17018	69.6
17266	69.1
17517	68.6
17772	68.1
18030	67.5
18293	66.9
18559	66.4
18829	65.7
19102	64.9
19380	64
20000	63.1
overall dB	95.6 dB
decay	Average
averaging	1/24 Octave
source	Headset Microphone 1 Low Range
latitude	0
longitude	0
saved	2024/07/10 14:57
peak	16.1Hz
