FFT	AudioTools 	v17.1 (89) iPad battery  93%	2024/01/05 21:10	Headset Microphone 1 Low Range	EB05A3E2-10AC-49FE-A287-06AC06EBE5AD
Frequency	dB	Unweighted
19.5	70.7
19.8	70.8
20.1	70.9
20.3	70.9
20.6	71
20.9	71.1
21.2	71.1
21.6	71.2
21.9	71.3
22.2	71.3
22.5	71.4
22.8	71.4
23.2	71.5
23.5	71.5
23.8	71.5
24.2	71.6
24.5	71.6
24.9	71.7
25.3	71.9
25.6	72
26	72.1
26.4	72.2
26.8	72.3
27.2	72.3
27.5	72.4
28	72.4
28.4	72.4
28.8	72.4
29.2	72.4
29.6	72.4
30	72.5
30.5	72.5
30.9	72.5
31.4	72.5
31.8	72.5
32.3	72.5
32.8	72.4
33.2	72.4
33.7	72.4
34.2	72.4
34.7	72.3
35.2	72.3
35.7	72.3
36.2	72.3
36.8	72.3
37.3	72.2
37.9	72.2
38.4	72.1
39	72.1
39.5	72.1
40.1	72
40.7	71.9
41.3	71.9
41.9	71.9
42.5	71.9
43.1	72
43.7	72.1
44.4	72.1
45	72.2
45.7	72.1
46.3	72
47	71.9
47.7	71.8
48.4	71.6
49.1	71.5
49.8	71.4
50.5	71.4
51.3	71.3
52	71.3
52.8	71.3
53.5	71.3
54.3	71.3
55.1	71.1
55.9	71.1
56.7	71
57.5	71
58.4	71.1
59.2	71.2
60.1	71.3
61	71.4
61.8	71.3
62.7	71.2
63.7	71.1
64.6	71
65.5	71
66.5	71
67.4	71.1
68.4	71.1
69.4	71.1
70.4	71
71.5	70.8
72.5	70.7
73.5	70.6
74.6	70.5
75.7	70.5
76.8	70.5
77.9	70.5
79.1	70.5
80.2	70.5
81.4	70.5
82.6	70.3
83.8	70
85	69.8
86.2	69.8
87.5	69.7
88.7	69.7
90	69.7
91.3	69.7
92.7	69.9
94	69.9
95.4	69.9
96.8	69.9
98.2	69.8
99.6	69.7
101	69.7
103	69.7
104	69.7
106	69.6
107	69.5
109	69.5
110	69.5
112	69.5
113	69.5
115	69.4
117	69.2
118	69.1
120	69
122	69
124	68.9
125	68.7
127	68.7
129	68.6
131	68.5
133	68.4
135	68.3
137	68.3
139	68.2
141	68.2
143	68.1
145	68.2
147	68.2
149	68.3
151	68.3
154	68.2
156	68
158	67.9
160	67.8
163	67.7
165	67.4
168	67.1
170	66.9
172	67
175	67
177	67
180	66.9
183	66.8
185	66.7
188	66.6
191	66.4
194	66.3
196	66.3
199	66.3
202	66.2
205	66.1
208	66.2
211	66.3
214	66.3
217	66.2
220	65.9
224	65.6
227	65.4
230	65.3
234	65.4
237	65.5
240	65.5
244	65.5
247	65.5
251	65.5
255	65.4
258	65.3
262	65.3
266	65.3
270	65.3
274	65.1
278	65
282	65
286	65
290	64.9
294	65
298	64.9
303	64.8
307	64.9
312	64.9
316	64.8
321	64.6
325	64.5
330	64.3
335	64.3
340	64.3
345	64.4
350	64.5
355	64.5
360	64.4
365	64.3
371	64.3
376	64.4
382	64.3
387	64.2
393	64.1
398	64.1
404	64
410	64.1
416	64.3
422	64.4
428	64.4
434	64.4
441	64.3
447	64.2
454	64
460	63.9
467	63.9
474	63.9
481	63.9
488	63.9
495	63.9
502	63.8
509	63.9
517	64
524	64.1
532	64
540	64.1
547	64.2
555	64.2
563	64.1
572	64.1
580	64.1
588	64.1
597	64.1
606	64
614	64
623	64
632	64
642	64.1
651	64.1
660	64
670	63.9
680	63.9
690	64.1
700	64.3
710	64.4
720	64.4
731	64.5
741	64.5
752	64.5
763	64.5
774	64.5
785	64.6
797	64.6
808	64.6
820	64.6
832	64.6
844	64.7
856	64.8
869	64.9
882	65
894	65
907	65
921	65.2
934	65.3
948	65.3
961	65.3
975	65.2
990	65.3
1004	65.4
1019	65.5
1033	65.6
1048	65.7
1064	65.9
1079	66
1095	66.2
1111	66.2
1127	66.3
1143	66.4
1160	66.6
1177	66.8
1194	66.8
1211	66.9
1229	67.1
1247	67
1265	67
1283	67.1
1302	67.2
1321	67.3
1340	67.4
1360	67.7
1379	67.8
1399	68
1420	68
1440	68.1
1461	68.2
1483	68.3
1504	68.4
1526	68.5
1548	68.6
1571	68.7
1594	68.8
1617	68.8
1640	68.8
1664	68.9
1688	69.1
1713	69.1
1738	69.2
1763	69.4
1789	69.6
1815	69.9
1841	70.1
1868	70.2
1895	70.2
1923	70.3
1951	70.5
1979	70.6
2008	70.8
2037	70.9
2067	71.1
2097	71.3
2127	71.4
2158	71.6
2190	71.7
2221	71.8
2254	72.1
2287	72.3
2320	72.5
2354	72.7
2388	72.8
2423	72.9
2458	73.1
2494	73.2
2530	73.3
2567	73.5
2604	73.6
2642	73.7
2680	73.7
2719	73.8
2759	73.8
2799	73.9
2840	73.9
2881	74
2923	74.1
2965	74.1
3008	74.1
3052	74.1
3097	74
3142	74
3187	73.9
3234	73.8
3281	73.8
3328	73.8
3377	73.7
3426	73.6
3476	73.5
3526	73.5
3578	73.4
3630	73.3
3682	73.3
3736	73.2
3790	73.2
3846	73.1
3901	73.1
3958	73.1
4016	73.1
4074	73
4133	72.9
4194	72.9
4255	73
4316	73.1
4379	73.1
4443	73.1
4508	73.2
4573	73.2
4640	73.3
4707	73.3
4776	73.3
4845	73.4
4916	73.5
4987	73.6
5060	73.6
5133	73.7
5208	73.7
5284	73.7
5360	73.7
5438	73.7
5518	73.6
5598	73.6
5679	73.5
5762	73.5
5846	73.4
5931	73.4
6017	73.3
6104	73.2
6193	73
6283	72.9
6375	72.8
6467	72.7
6561	72.5
6657	72.5
6754	72.4
6852	72.4
6952	72.4
7053	72.4
7155	72.5
7259	72.6
7365	72.8
7472	73
7581	73.2
7691	73.4
7803	73.7
7916	73.9
8032	74
8148	74
8267	73.9
8387	73.7
8509	73.3
8633	72.7
8758	72.1
8886	71.5
9015	71
9146	70.6
9279	70.2
9414	70
9551	69.7
9690	69.5
9831	69.3
9974	69.1
10119	69
10266	68.9
10416	68.9
10567	68.9
10721	68.8
10877	68.7
11035	68.7
11196	68.6
11358	68.5
11524	68.5
11691	68.4
11861	68.4
12034	68.4
12209	68.4
12386	68.4
12567	68.5
12749	68.5
12935	68.6
13123	68.8
13314	69.1
13507	69.5
13704	70
13903	70.3
14105	70.5
14311	70.5
14519	70.3
14730	69.9
14944	69.5
15162	69.2
15382	68.8
15606	68.6
15833	68.5
16063	68.3
16297	68
16534	67.7
16774	67.3
17018	66.9
17266	66.5
17517	66.1
17772	65.8
18030	65.4
18293	65.1
18559	64.6
18829	64.1
19102	63.5
19380	62.9
20000	62.4
overall dB	94.9 dB
decay	Average
averaging	1/12 Octave
source	Headset Microphone 1 Low Range
latitude	0
longitude	0
saved	2024/01/05 21:10
peak	26.4Hz
