FFT	AudioTools 	v36 iPad battery 100%	2023/07/14 20:49	Headset Microphone 1 Low Range	EB05A3E2-10AC-49FE-A287-06AC06EBE5AD
Frequency	dB	Unweighted
19.5	67.8
19.8	67.9
20.1	68
20.3	68.1
20.6	68.2
20.9	68.3
21.2	68.4
21.6	68.5
21.9	68.6
22.2	68.6
22.5	68.7
22.8	68.7
23.2	68.7
23.5	68.7
23.8	68.8
24.2	68.9
24.5	68.9
24.9	69
25.3	69.2
25.6	69.3
26	69.4
26.4	69.5
26.8	69.5
27.2	69.6
27.5	69.6
28	69.6
28.4	69.6
28.8	69.6
29.2	69.6
29.6	69.7
30	69.7
30.5	69.8
30.9	69.9
31.4	69.9
31.8	69.9
32.3	70
32.8	70
33.2	70
33.7	70
34.2	70
34.7	69.9
35.2	69.8
35.7	69.8
36.2	69.7
36.8	69.8
37.3	69.9
37.9	70.1
38.4	70.3
39	70.4
39.5	70.4
40.1	70.3
40.7	70.1
41.3	70
41.9	69.9
42.5	70
43.1	70.1
43.7	70.2
44.4	70.2
45	70.2
45.7	70.2
46.3	70.1
47	70.1
47.7	70.1
48.4	70.1
49.1	69.9
49.8	69.8
50.5	69.7
51.3	69.7
52	69.6
52.8	69.6
53.5	69.5
54.3	69.5
55.1	69.5
55.9	69.6
56.7	69.9
57.5	70.1
58.4	70.3
59.2	70.4
60.1	70.4
61	70.3
61.8	70.1
62.7	69.9
63.7	69.6
64.6	69.5
65.5	69.4
66.5	69.3
67.4	69.3
68.4	69.3
69.4	69.3
70.4	69.3
71.5	69.2
72.5	69.2
73.5	69.2
74.6	69.3
75.7	69.3
76.8	69.2
77.9	69.1
79.1	69.1
80.2	69.1
81.4	69.1
82.6	69.1
83.8	68.9
85	68.7
86.2	68.5
87.5	68.5
88.7	68.5
90	68.5
91.3	68.4
92.7	68.3
94	68.3
95.4	68.3
96.8	68.2
98.2	68.2
99.6	68.1
101	68
103	68.1
104	68.1
106	68.1
107	68
109	67.9
110	67.9
112	67.9
113	67.8
115	67.6
117	67.5
118	67.4
120	67.4
122	67.5
124	67.5
125	67.3
127	67.2
129	67.2
131	67.3
133	67.2
135	66.9
137	66.7
139	66.8
141	66.9
143	67
145	67
147	66.7
149	66.6
151	66.6
154	66.5
156	66.4
158	66.3
160	66.1
163	66.1
165	66
168	66
170	65.9
172	65.7
175	65.6
177	65.6
180	65.4
183	65.2
185	65.2
188	65.1
191	65
194	64.9
196	64.9
199	64.8
202	64.7
205	64.7
208	64.7
211	64.7
214	64.5
217	64.5
220	64.2
224	63.9
227	63.8
230	63.8
234	63.8
237	63.9
240	63.9
244	63.8
247	63.6
251	63.5
255	63.4
258	63.4
262	63.3
266	63.3
270	63.1
274	63
278	63
282	62.9
286	62.8
290	62.8
294	62.8
298	62.7
303	62.7
307	62.6
312	62.4
316	62.3
321	62.2
325	62.1
330	62.2
335	62.2
340	62.1
345	62.1
350	61.9
355	61.8
360	61.6
365	61.5
371	61.6
376	61.6
382	61.5
387	61.4
393	61.3
398	61.3
404	61.3
410	61.3
416	61.4
422	61.4
428	61.3
434	61.3
441	61.2
447	61.1
454	60.9
460	60.9
467	60.8
474	60.7
481	60.6
488	60.5
495	60.4
502	60.5
509	60.7
517	60.7
524	60.6
532	60.5
540	60.5
547	60.5
555	60.6
563	60.6
572	60.5
580	60.4
588	60.3
597	60.2
606	60.3
614	60.3
623	60.3
632	60.3
642	60.3
651	60.3
660	60.2
670	60.1
680	60.1
690	60.1
700	60.2
710	60.2
720	60.1
731	60.1
741	60.2
752	60.3
763	60.2
774	60.1
785	60.2
797	60.4
808	60.3
820	60.3
832	60.3
844	60.4
856	60.4
869	60.5
882	60.5
894	60.5
907	60.6
921	60.6
934	60.6
948	60.7
961	60.8
975	60.8
990	60.9
1004	61
1019	61
1033	61.2
1048	61.2
1064	61.3
1079	61.5
1095	61.6
1111	61.6
1127	61.7
1143	61.8
1160	61.9
1177	62.1
1194	62.3
1211	62.5
1229	62.6
1247	62.6
1265	62.8
1283	63
1302	63
1321	63.1
1340	63.2
1360	63.3
1379	63.5
1399	63.6
1420	63.7
1440	63.8
1461	64
1483	64.2
1504	64.3
1526	64.4
1548	64.4
1571	64.6
1594	64.7
1617	64.8
1640	64.9
1664	65
1688	65.2
1713	65.4
1738	65.5
1763	65.7
1789	65.8
1815	66
1841	66.2
1868	66.4
1895	66.5
1923	66.6
1951	66.7
1979	66.9
2008	67.1
2037	67.3
2067	67.5
2097	67.6
2127	67.8
2158	68
2190	68.1
2221	68.2
2254	68.3
2287	68.5
2320	68.7
2354	68.8
2388	68.8
2423	68.9
2458	69
2494	69.2
2530	69.3
2567	69.4
2604	69.5
2642	69.6
2680	69.6
2719	69.6
2759	69.6
2799	69.7
2840	69.6
2881	69.6
2923	69.6
2965	69.6
3008	69.5
3052	69.4
3097	69.3
3142	69.2
3187	69.2
3234	69.1
3281	69
3328	68.9
3377	68.8
3426	68.7
3476	68.6
3526	68.6
3578	68.5
3630	68.4
3682	68.3
3736	68.2
3790	68.1
3846	68.1
3901	68
3958	68
4016	68
4074	67.9
4133	67.9
4194	67.9
4255	68
4316	68
4379	68
4443	68.1
4508	68.1
4573	68.1
4640	68.2
4707	68.2
4776	68.3
4845	68.3
4916	68.4
4987	68.4
5060	68.4
5133	68.4
5208	68.4
5284	68.4
5360	68.3
5438	68.3
5518	68.2
5598	68.1
5679	68
5762	67.9
5846	67.7
5931	67.6
6017	67.5
6104	67.4
6193	67.2
6283	67
6375	66.9
6467	66.7
6561	66.4
6657	66.2
6754	66.1
6852	66
6952	66
7053	66
7155	66.1
7259	66.4
7365	66.6
7472	66.9
7581	67.3
7691	67.7
7803	68.1
7916	68.4
8032	68.6
8148	68.6
8267	68.3
8387	67.7
8509	66.9
8633	66
8758	65
8886	64
9015	62.9
9146	61.9
9279	61
9414	60.2
9551	59.4
9690	58.7
9831	58
9974	57.2
10119	56.7
10266	56.3
10416	56
10567	55.7
10721	55.5
10877	55.3
11035	55.2
11196	55.1
11358	55
11524	55.1
11691	55.1
11861	55.3
12034	55.5
12209	55.9
12386	56.3
12567	57
12749	57.8
12935	58.9
13123	60.4
13314	62.2
13507	64.2
13704	66
13903	66.9
14105	66.9
14311	66.3
14519	65.3
14730	64.3
14944	63.4
15162	62.7
15382	62.1
15606	62.1
15833	62.2
16063	62.2
16297	61.8
16534	60.8
16774	59.4
17018	57.7
17266	56.1
17517	54.6
17772	53.2
18030	52.2
18293	51.3
18559	50.6
18829	50
19102	49.4
19380	48.7
20000	48.1
overall dB	91 dB
decay	Average
averaging	1/12 Octave
source	Headset Microphone 1 Low Range
latitude	0
longitude	0
saved	2023/07/14 20:49
peak	22.0Hz
