FFT	AudioTools 	v17.11 (10) iPad battery 100%	2024/08/14 18:47	Headset Microphone 1 Low Range	EB05A3E2-10AC-49FE-A287-06AC06EBE5AD
Frequency	dB	Unweighted
19.5	72.7
19.8	72.8
20.1	72.8
20.3	72.9
20.6	73
20.9	73.1
21.2	73.3
21.6	73.4
21.9	73.5
22.2	73.6
22.5	73.6
22.8	73.6
23.2	73.6
23.5	73.5
23.8	73.5
24.2	73.4
24.5	73.3
24.9	73.3
25.3	73.3
25.6	73.4
26	73.4
26.4	73.4
26.8	73.4
27.2	73.4
27.5	73.4
28	73.4
28.4	73.4
28.8	73.4
29.2	73.5
29.6	73.6
30	73.7
30.5	73.8
30.9	73.9
31.4	73.9
31.8	73.9
32.3	73.8
32.8	73.8
33.2	73.7
33.7	73.6
34.2	73.6
34.7	73.5
35.2	73.3
35.7	73.2
36.2	73.1
36.8	73.1
37.3	73.1
37.9	73.1
38.4	73.2
39	73.3
39.5	73.3
40.1	73.2
40.7	73.1
41.3	73.1
41.9	73.1
42.5	73.2
43.1	73.4
43.7	73.5
44.4	73.6
45	73.6
45.7	73.4
46.3	73.2
47	73
47.7	72.8
48.4	72.7
49.1	72.6
49.8	72.5
50.5	72.5
51.3	72.4
52	72.3
52.8	72.3
53.5	72.3
54.3	72.3
55.1	72.2
55.9	72.1
56.7	72.1
57.5	72.2
58.4	72.3
59.2	72.5
60.1	72.6
61	72.6
61.8	72.5
62.7	72.3
63.7	72.1
64.6	72
65.5	71.9
66.5	71.8
67.4	71.8
68.4	71.8
69.4	71.7
70.4	71.6
71.5	71.5
72.5	71.4
73.5	71.2
74.6	71.1
75.7	71.1
76.8	71.1
77.9	71.1
79.1	71.1
80.2	71.1
81.4	71.1
82.6	71.1
83.8	70.8
85	70.5
86.2	70.3
87.5	70.3
88.7	70.3
90	70.2
91.3	70
92.7	70
94	70
95.4	70
96.8	70.1
98.2	70.2
99.6	70.1
101	70
103	70
104	69.9
106	70
107	70.1
109	70
110	70
112	70
113	69.8
115	69.7
117	69.7
118	69.8
120	70.1
122	70.2
124	69.9
125	69.5
127	69.2
129	69.2
131	69.1
133	69
135	68.7
137	68.4
139	68.4
141	68.6
143	68.7
145	68.8
147	68.8
149	68.9
151	69.2
154	69.2
156	68.9
158	68.8
160	68.7
163	68.7
165	68.4
168	68
170	67.7
172	67.7
175	67.7
177	67.6
180	67.4
183	67.3
185	67.5
188	67.4
191	67.3
194	67.2
196	67.2
199	67.4
202	67.4
205	67.2
208	67.2
211	67.3
214	67.3
217	67
220	66.7
224	66.5
227	66.3
230	66.2
234	66.4
237	66.4
240	66.4
244	66.3
247	66.3
251	66.5
255	66.4
258	66.3
262	66.3
266	66.3
270	66.2
274	65.9
278	65.6
282	65.5
286	65.4
290	65.4
294	65.4
298	65.3
303	65.4
307	65.5
312	65.3
316	65.1
321	65
325	65
330	65
335	65
340	64.9
345	64.9
350	64.9
355	64.9
360	64.6
365	64.6
371	64.6
376	64.6
382	64.5
387	64.4
393	64.3
398	64.2
404	64.3
410	64.4
416	64.5
422	64.4
428	64.4
434	64.5
441	64.2
447	64
454	63.9
460	63.8
467	63.7
474	63.6
481	63.6
488	63.6
495	63.6
502	63.7
509	63.9
517	64.1
524	64.1
532	63.8
540	63.7
547	63.8
555	64
563	64.1
572	64
580	63.8
588	63.8
597	63.7
606	63.6
614	63.6
623	63.5
632	63.6
642	63.6
651	63.5
660	63.3
670	63.3
680	63.3
690	63.3
700	63.4
710	63.4
720	63.4
731	63.5
741	63.5
752	63.5
763	63.4
774	63.3
785	63.4
797	63.5
808	63.4
820	63.3
832	63.3
844	63.4
856	63.3
869	63.4
882	63.2
894	63.2
907	63.4
921	63.5
934	63.5
948	63.4
961	63.5
975	63.4
990	63.2
1004	63.2
1019	63.3
1033	63.4
1048	63.6
1064	63.7
1079	63.9
1095	63.9
1111	63.9
1127	64
1143	64.2
1160	64.4
1177	64.7
1194	64.9
1211	65
1229	65.1
1247	65.1
1265	65.1
1283	65.3
1302	65.4
1321	65.5
1340	65.5
1360	65.7
1379	65.9
1399	66.1
1420	66.1
1440	66.2
1461	66.3
1483	66.4
1504	66.6
1526	66.6
1548	66.6
1571	66.6
1594	66.6
1617	66.7
1640	66.7
1664	66.7
1688	66.8
1713	66.8
1738	66.9
1763	67.1
1789	67.2
1815	67.3
1841	67.4
1868	67.5
1895	67.5
1923	67.5
1951	67.7
1979	67.7
2008	67.8
2037	67.9
2067	68
2097	68.1
2127	68.2
2158	68.3
2190	68.3
2221	68.4
2254	68.6
2287	68.8
2320	68.9
2354	69
2388	69.2
2423	69.2
2458	69.4
2494	69.5
2530	69.6
2567	69.7
2604	69.9
2642	70.1
2680	70.2
2719	70.3
2759	70.4
2799	70.6
2840	70.8
2881	71
2923	71.4
2965	71.6
3008	71.7
3052	71.8
3097	71.8
3142	71.9
3187	71.9
3234	72
3281	72.1
3328	72.1
3377	72.1
3426	72
3476	71.9
3526	71.9
3578	71.8
3630	71.7
3682	71.6
3736	71.3
3790	71.2
3846	71
3901	70.8
3958	70.6
4016	70.5
4074	70.1
4133	69.8
4194	69.6
4255	69.4
4316	69.2
4379	69
4443	68.8
4508	68.7
4573	68.5
4640	68.4
4707	68.2
4776	68.1
4845	67.9
4916	67.9
4987	67.8
5060	67.7
5133	67.7
5208	67.6
5284	67.6
5360	67.6
5438	67.6
5518	67.5
5598	67.4
5679	67.4
5762	67.5
5846	67.5
5931	67.6
6017	67.7
6104	67.9
6193	68.1
6283	68.2
6375	68.4
6467	68.6
6561	69
6657	69.4
6754	69.8
6852	70.2
6952	70.5
7053	70.9
7155	71.4
7259	71.8
7365	72.2
7472	72.5
7581	72.9
7691	73.1
7803	73.3
7916	73.1
8032	72.7
8148	72.2
8267	71.2
8387	70.2
8509	69.1
8633	68
8758	67
8886	66.2
9015	65.5
9146	65
9279	64.5
9414	64.2
9551	63.9
9690	63.7
9831	63.5
9974	63.2
10119	63.1
10266	63
10416	62.9
10567	62.8
10721	62.8
10877	62.8
11035	62.8
11196	63
11358	63.2
11524	63.3
11691	63.6
11861	63.9
12034	64.2
12209	64.6
12386	65.1
12567	65.6
12749	66.1
12935	66.6
13123	67.1
13314	67.5
13507	67.9
13704	68.1
13903	68.2
14105	68.2
14311	68
14519	67.7
14730	67.4
14944	67
15162	66.5
15382	65.6
15606	64.9
15833	64.2
16063	63.4
16297	62.7
16534	62.1
16774	61.5
17018	61
17266	60.5
17517	60.2
17772	59.8
18030	59.4
18293	59.1
18559	58.8
18829	58.5
19102	58.2
19380	57.7
20000	57.1
overall dB	94.6 dB
decay	Average
averaging	1/12 Octave
source	Headset Microphone 1 Low Range
latitude	0
longitude	0
saved	2024/08/14 18:47
peak	22.0Hz
