FFT	AudioTools 	v36 iPad battery 100%	2023/07/14 20:52	Headset Microphone 1 Low Range	EB05A3E2-10AC-49FE-A287-06AC06EBE5AD
Frequency	dB	Unweighted
19.5	67.8
19.8	67.9
20.1	67.9
20.3	68
20.6	68
20.9	68.1
21.2	68.1
21.6	68.2
21.9	68.3
22.2	68.4
22.5	68.4
22.8	68.5
23.2	68.6
23.5	68.7
23.8	68.7
24.2	68.8
24.5	68.9
24.9	69
25.3	69.1
25.6	69.3
26	69.4
26.4	69.5
26.8	69.5
27.2	69.5
27.5	69.5
28	69.4
28.4	69.4
28.8	69.4
29.2	69.4
29.6	69.5
30	69.7
30.5	69.8
30.9	69.9
31.4	70
31.8	70
32.3	70
32.8	69.9
33.2	69.9
33.7	69.9
34.2	69.8
34.7	69.8
35.2	69.8
35.7	69.8
36.2	69.7
36.8	69.7
37.3	69.8
37.9	69.8
38.4	69.9
39	70.1
39.5	70.2
40.1	70.3
40.7	70.3
41.3	70.3
41.9	70.3
42.5	70.4
43.1	70.5
43.7	70.6
44.4	70.5
45	70.3
45.7	70.1
46.3	69.9
47	69.9
47.7	69.9
48.4	69.8
49.1	69.7
49.8	69.5
50.5	69.4
51.3	69.4
52	69.4
52.8	69.4
53.5	69.4
54.3	69.4
55.1	69.5
55.9	69.5
56.7	69.4
57.5	69.5
58.4	69.5
59.2	69.7
60.1	69.7
61	69.7
61.8	69.5
62.7	69.3
63.7	69.2
64.6	69.1
65.5	69.1
66.5	69.2
67.4	69.3
68.4	69.4
69.4	69.5
70.4	69.5
71.5	69.4
72.5	69.3
73.5	69.2
74.6	69
75.7	68.9
76.8	68.8
77.9	68.8
79.1	68.9
80.2	68.9
81.4	68.7
82.6	68.4
83.8	68.2
85	68.1
86.2	68.2
87.5	68.2
88.7	68.4
90	68.4
91.3	68.3
92.7	68.3
94	68.4
95.4	68.4
96.8	68.3
98.2	68.3
99.6	68.2
101	68.1
103	67.9
104	68
106	68.1
107	68.1
109	67.8
110	67.5
112	67.3
113	67.2
115	67.3
117	67.4
118	67.5
120	67.4
122	67.4
124	67.2
125	66.9
127	66.7
129	66.7
131	66.7
133	66.7
135	66.7
137	66.6
139	66.4
141	66.4
143	66.5
145	66.4
147	66.4
149	66.4
151	66.4
154	66.2
156	66.2
158	66.1
160	65.9
163	65.8
165	65.5
168	65.3
170	65.3
172	65.3
175	65.4
177	65.4
180	65.2
183	65.1
185	65.1
188	64.9
191	64.9
194	64.8
196	64.7
199	64.6
202	64.7
205	64.6
208	64.3
211	64.2
214	64.3
217	64.2
220	64
224	63.9
227	63.8
230	63.7
234	63.6
237	63.5
240	63.6
244	63.7
247	63.8
251	63.8
255	63.7
258	63.5
262	63.4
266	63.3
270	63.2
274	63.1
278	63
282	63
286	62.9
290	62.9
294	62.8
298	62.6
303	62.5
307	62.5
312	62.4
316	62.3
321	62.3
325	62.3
330	62.3
335	62.2
340	62.1
345	62.1
350	61.9
355	61.9
360	61.9
365	62
371	61.9
376	61.8
382	61.7
387	61.6
393	61.4
398	61.3
404	61.4
410	61.4
416	61.4
422	61.4
428	61.3
434	61.2
441	61.1
447	60.9
454	60.8
460	60.7
467	60.7
474	60.7
481	60.7
488	60.8
495	60.7
502	60.8
509	60.8
517	60.9
524	60.8
532	60.7
540	60.6
547	60.6
555	60.6
563	60.6
572	60.5
580	60.5
588	60.4
597	60.3
606	60.3
614	60.3
623	60.3
632	60.4
642	60.3
651	60.2
660	60.2
670	60.2
680	60.2
690	60.3
700	60.3
710	60.2
720	60.1
731	60.1
741	60.2
752	60.4
763	60.3
774	60.2
785	60.4
797	60.5
808	60.4
820	60.5
832	60.5
844	60.6
856	60.6
869	60.5
882	60.6
894	60.5
907	60.6
921	60.8
934	60.8
948	60.9
961	60.8
975	60.9
990	60.9
1004	61
1019	61.1
1033	61.2
1048	61.4
1064	61.6
1079	61.8
1095	61.9
1111	61.9
1127	62
1143	62.2
1160	62.2
1177	62.4
1194	62.5
1211	62.6
1229	62.7
1247	62.8
1265	62.9
1283	63.1
1302	63.2
1321	63.3
1340	63.4
1360	63.6
1379	63.8
1399	63.9
1420	64.1
1440	64.2
1461	64.4
1483	64.5
1504	64.7
1526	64.8
1548	64.9
1571	65
1594	65.3
1617	65.5
1640	65.6
1664	65.7
1688	65.9
1713	66
1738	66.1
1763	66.2
1789	66.4
1815	66.7
1841	66.9
1868	67
1895	67.2
1923	67.3
1951	67.5
1979	67.7
2008	67.9
2037	68.1
2067	68.3
2097	68.5
2127	68.7
2158	68.9
2190	69.1
2221	69.2
2254	69.3
2287	69.5
2320	69.6
2354	69.8
2388	69.9
2423	70
2458	70.1
2494	70.2
2530	70.3
2567	70.3
2604	70.4
2642	70.5
2680	70.4
2719	70.3
2759	70.2
2799	70.1
2840	70
2881	69.9
2923	69.9
2965	69.9
3008	69.8
3052	69.7
3097	69.7
3142	69.7
3187	69.6
3234	69.5
3281	69.4
3328	69.3
3377	69.1
3426	69
3476	68.8
3526	68.8
3578	68.7
3630	68.7
3682	68.6
3736	68.5
3790	68.5
3846	68.4
3901	68.4
3958	68.5
4016	68.5
4074	68.4
4133	68.4
4194	68.4
4255	68.5
4316	68.5
4379	68.6
4443	68.7
4508	68.7
4573	68.8
4640	68.9
4707	69
4776	69
4845	69.1
4916	69.2
4987	69.2
5060	69.3
5133	69.3
5208	69.3
5284	69.4
5360	69.4
5438	69.3
5518	69.1
5598	69
5679	68.8
5762	68.6
5846	68.4
5931	68.2
6017	68
6104	67.8
6193	67.6
6283	67.3
6375	67.1
6467	66.9
6561	66.7
6657	66.6
6754	66.5
6852	66.5
6952	66.6
7053	66.7
7155	66.9
7259	67.1
7365	67.4
7472	67.7
7581	68.1
7691	68.5
7803	68.9
7916	69.1
8032	69.2
8148	69.1
8267	68.7
8387	68.1
8509	67.2
8633	66.3
8758	65.2
8886	64.1
9015	63.1
9146	62.1
9279	61.2
9414	60.3
9551	59.5
9690	58.8
9831	58.2
9974	57.5
10119	57.1
10266	56.7
10416	56.4
10567	56.1
10721	55.9
10877	55.7
11035	55.5
11196	55.4
11358	55.4
11524	55.4
11691	55.5
11861	55.6
12034	55.9
12209	56.3
12386	56.8
12567	57.6
12749	58.5
12935	59.7
13123	61.2
13314	62.8
13507	64.3
13704	65.3
13903	65.6
14105	65.2
14311	64.5
14519	63.7
14730	62.9
14944	62.2
15162	61.7
15382	61.5
15606	61.7
15833	62.2
16063	62.5
16297	62.3
16534	61.4
16774	60
17018	58.3
17266	56.6
17517	55
17772	53.7
18030	52.7
18293	51.9
18559	51.3
18829	50.8
19102	50.1
19380	49.3
20000	48.5
overall dB	91.2 dB
decay	Average
averaging	1/12 Octave
source	Headset Microphone 1 Low Range
latitude	0
longitude	0
saved	2023/07/14 20:52
peak	26.4Hz
