FFT	AudioTools 	v17.9 (4) iPad battery  90%	2024/06/14 14:32	Headset Microphone 1 Low Range	EB05A3E2-10AC-49FE-A287-06AC06EBE5AD
Frequency	dB	Unweighted
19.5	72.6
19.8	72.6
20.1	72.7
20.3	72.8
20.6	72.9
20.9	73
21.2	73.2
21.6	73.3
21.9	73.4
22.2	73.4
22.5	73.5
22.8	73.5
23.2	73.4
23.5	73.4
23.8	73.4
24.2	73.4
24.5	73.4
24.9	73.4
25.3	73.4
25.6	73.5
26	73.5
26.4	73.5
26.8	73.5
27.2	73.5
27.5	73.5
28	73.5
28.4	73.6
28.8	73.6
29.2	73.7
29.6	73.7
30	73.7
30.5	73.8
30.9	73.7
31.4	73.7
31.8	73.7
32.3	73.7
32.8	73.7
33.2	73.7
33.7	73.7
34.2	73.7
34.7	73.7
35.2	73.6
35.7	73.6
36.2	73.6
36.8	73.6
37.3	73.6
37.9	73.7
38.4	73.8
39	73.8
39.5	73.7
40.1	73.6
40.7	73.5
41.3	73.5
41.9	73.5
42.5	73.5
43.1	73.7
43.7	73.8
44.4	73.9
45	73.9
45.7	73.8
46.3	73.6
47	73.4
47.7	73.3
48.4	73.2
49.1	73.2
49.8	73.2
50.5	73.2
51.3	73.2
52	73.1
52.8	73.1
53.5	73.1
54.3	73.1
55.1	72.9
55.9	72.7
56.7	72.7
57.5	72.7
58.4	72.7
59.2	72.9
60.1	73
61	73.1
61.8	73.2
62.7	73.1
63.7	73
64.6	73
65.5	72.9
66.5	72.9
67.4	72.8
68.4	72.8
69.4	72.7
70.4	72.6
71.5	72.4
72.5	72.2
73.5	72.1
74.6	71.9
75.7	71.9
76.8	72
77.9	72
79.1	72
80.2	71.9
81.4	71.8
82.6	71.8
83.8	71.6
85	71.3
86.2	71.2
87.5	71.3
88.7	71.3
90	71.1
91.3	71
92.7	71.1
94	71.1
95.4	71.2
96.8	71.2
98.2	71.2
99.6	71
101	70.9
103	70.8
104	70.9
106	70.9
107	70.8
109	70.8
110	70.8
112	70.7
113	70.5
115	70.3
117	70.3
118	70.4
120	70.6
122	70.6
124	70.3
125	69.9
127	69.7
129	69.6
131	69.6
133	69.5
135	69.3
137	69.2
139	69.3
141	69.4
143	69.5
145	69.5
147	69.5
149	69.6
151	69.8
154	69.7
156	69.4
158	69.2
160	69
163	69
165	68.8
168	68.4
170	68.2
172	68.2
175	68.2
177	68.1
180	67.8
183	67.7
185	67.8
188	67.9
191	67.8
194	67.7
196	67.7
199	67.9
202	67.9
205	67.7
208	67.7
211	67.9
214	67.9
217	67.7
220	67.4
224	67.2
227	67.1
230	67
234	67
237	67.2
240	67.2
244	67
247	67
251	67.1
255	67.2
258	67.1
262	67.2
266	67.2
270	67.1
274	66.8
278	66.5
282	66.5
286	66.4
290	66.4
294	66.5
298	66.3
303	66.3
307	66.4
312	66.3
316	66.1
321	65.8
325	65.9
330	65.9
335	66
340	65.9
345	65.8
350	65.9
355	65.8
360	65.6
365	65.5
371	65.6
376	65.7
382	65.7
387	65.7
393	65.5
398	65.4
404	65.5
410	65.8
416	65.8
422	65.7
428	65.6
434	65.6
441	65.4
447	65.2
454	65.1
460	65
467	65
474	65
481	64.8
488	64.9
495	64.8
502	64.8
509	65
517	65.2
524	65.3
532	65.1
540	65
547	65.1
555	65.2
563	65.3
572	65.3
580	65.2
588	65.1
597	65
606	64.9
614	64.8
623	64.8
632	64.9
642	64.8
651	64.8
660	64.8
670	64.8
680	64.7
690	64.7
700	64.8
710	64.8
720	64.9
731	65
741	64.9
752	64.9
763	64.9
774	64.8
785	65
797	65.1
808	65.1
820	65
832	65
844	65.1
856	65.2
869	65.2
882	65.1
894	65.1
907	65.3
921	65.4
934	65.4
948	65.3
961	65.4
975	65.3
990	65.2
1004	65.2
1019	65.3
1033	65.4
1048	65.5
1064	65.7
1079	65.8
1095	65.9
1111	65.9
1127	65.9
1143	66
1160	66.2
1177	66.5
1194	66.5
1211	66.5
1229	66.6
1247	66.6
1265	66.5
1283	66.7
1302	66.8
1321	66.8
1340	66.9
1360	67
1379	67.1
1399	67.3
1420	67.3
1440	67.4
1461	67.5
1483	67.6
1504	67.7
1526	67.8
1548	67.8
1571	67.8
1594	67.9
1617	68
1640	68
1664	68
1688	68.1
1713	68.1
1738	68.2
1763	68.4
1789	68.5
1815	68.6
1841	68.7
1868	68.7
1895	68.8
1923	68.8
1951	68.9
1979	68.9
2008	68.9
2037	69
2067	69.2
2097	69.3
2127	69.4
2158	69.6
2190	69.7
2221	69.8
2254	70
2287	70.3
2320	70.4
2354	70.6
2388	70.7
2423	70.8
2458	71
2494	71.2
2530	71.4
2567	71.6
2604	71.7
2642	71.9
2680	72
2719	72.2
2759	72.3
2799	72.5
2840	72.6
2881	72.8
2923	73.2
2965	73.3
3008	73.4
3052	73.5
3097	73.5
3142	73.6
3187	73.6
3234	73.6
3281	73.7
3328	73.7
3377	73.8
3426	73.7
3476	73.6
3526	73.5
3578	73.4
3630	73.3
3682	73.2
3736	72.9
3790	72.7
3846	72.5
3901	72.3
3958	72.1
4016	71.9
4074	71.6
4133	71.3
4194	71.1
4255	70.8
4316	70.6
4379	70.5
4443	70.3
4508	70.1
4573	70
4640	69.9
4707	69.7
4776	69.6
4845	69.5
4916	69.5
4987	69.4
5060	69.4
5133	69.4
5208	69.4
5284	69.4
5360	69.4
5438	69.4
5518	69.4
5598	69.4
5679	69.4
5762	69.4
5846	69.4
5931	69.4
6017	69.3
6104	69.2
6193	69
6283	68.9
6375	68.7
6467	68.6
6561	68.5
6657	68.6
6754	68.6
6852	68.8
6952	68.9
7053	69.1
7155	69.4
7259	69.6
7365	70
7472	70.5
7581	71
7691	71.7
7803	72.3
7916	72.8
8032	73.1
8148	73.3
8267	73.3
8387	73.1
8509	72.7
8633	72.2
8758	71.5
8886	70.8
9015	70
9146	69.4
9279	68.9
9414	68.4
9551	67.9
9690	67.5
9831	67.2
9974	66.7
10119	66.6
10266	66.5
10416	66.4
10567	66.3
10721	66.3
10877	66.3
11035	66.2
11196	66.2
11358	66.2
11524	66.3
11691	66.6
11861	67.2
12034	67.8
12209	68.6
12386	69.4
12567	70.1
12749	70.4
12935	70.3
13123	69.8
13314	69.1
13507	68.4
13704	67.8
13903	67.3
14105	66.7
14311	66.3
14519	65.9
14730	65.6
14944	65.4
15162	65.3
15382	65.1
15606	65.1
15833	65.1
16063	65
16297	64.9
16534	64.8
16774	64.7
17018	64.5
17266	64.4
17517	64.3
17772	64.1
18030	63.8
18293	63.4
18559	62.8
18829	62
19102	61.1
19380	60.1
20000	59.4
overall dB	95.4 dB
decay	Average
averaging	1/12 Octave
source	Headset Microphone 1 Low Range
latitude	0
longitude	0
saved	2024/06/14 14:32
peak	22.0Hz
