FFT	AudioTools 	v36 iPad battery 100%	2023/07/14 20:55	Headset Microphone 1 Low Range	EB05A3E2-10AC-49FE-A287-06AC06EBE5AD
Frequency	dB	Unweighted
19.5	69
19.8	69.1
20.1	69.2
20.3	69.2
20.6	69.3
20.9	69.3
21.2	69.4
21.6	69.4
21.9	69.4
22.2	69.4
22.5	69.5
22.8	69.5
23.2	69.5
23.5	69.6
23.8	69.7
24.2	69.8
24.5	70
24.9	70.2
25.3	70.4
25.6	70.5
26	70.6
26.4	70.7
26.8	70.8
27.2	70.8
27.5	70.8
28	70.7
28.4	70.7
28.8	70.7
29.2	70.7
29.6	70.7
30	70.7
30.5	70.7
30.9	70.7
31.4	70.7
31.8	70.6
32.3	70.6
32.8	70.5
33.2	70.4
33.7	70.3
34.2	70.3
34.7	70.3
35.2	70.3
35.7	70.3
36.2	70.3
36.8	70.5
37.3	70.7
37.9	70.9
38.4	71.1
39	71.2
39.5	71.2
40.1	71.1
40.7	70.9
41.3	70.7
41.9	70.6
42.5	70.6
43.1	70.7
43.7	70.8
44.4	70.7
45	70.7
45.7	70.6
46.3	70.5
47	70.6
47.7	70.6
48.4	70.7
49.1	70.7
49.8	70.7
50.5	70.7
51.3	70.7
52	70.6
52.8	70.5
53.5	70.4
54.3	70.3
55.1	70.3
55.9	70.4
56.7	70.6
57.5	70.8
58.4	70.9
59.2	71
60.1	70.9
61	70.6
61.8	70.3
62.7	70
63.7	69.8
64.6	69.8
65.5	69.9
66.5	70.1
67.4	70.2
68.4	70.3
69.4	70.3
70.4	70.2
71.5	70.1
72.5	69.8
73.5	69.6
74.6	69.6
75.7	69.7
76.8	69.7
77.9	69.7
79.1	69.7
80.2	69.7
81.4	69.5
82.6	69.3
83.8	69
85	68.8
86.2	68.8
87.5	68.9
88.7	69.1
90	69.1
91.3	68.9
92.7	68.7
94	68.7
95.4	68.7
96.8	68.8
98.2	68.7
99.6	68.6
101	68.5
103	68.4
104	68.3
106	68.4
107	68.4
109	68.3
110	68
112	67.9
113	67.7
115	67.7
117	67.6
118	67.5
120	67.5
122	67.7
124	67.8
125	67.7
127	67.6
129	67.4
131	67.3
133	67.2
135	67.1
137	67
139	67
141	67.2
143	67.4
145	67.2
147	67
149	66.8
151	66.9
154	67
156	67
158	66.8
160	66.5
163	66.3
165	66.2
168	66.1
170	66
172	65.9
175	66
177	66
180	65.8
183	65.7
185	65.7
188	65.5
191	65.3
194	65.2
196	65.1
199	65
202	65
205	64.8
208	64.8
211	64.8
214	64.7
217	64.6
220	64.4
224	64.1
227	64.1
230	64
234	64.1
237	64.1
240	64
244	64
247	64
251	63.9
255	63.7
258	63.5
262	63.5
266	63.4
270	63.3
274	63.1
278	63.1
282	63.1
286	63
290	63.1
294	63.1
298	62.9
303	62.8
307	62.7
312	62.6
316	62.5
321	62.6
325	62.5
330	62.3
335	62.2
340	62.1
345	62.1
350	62
355	62
360	61.8
365	61.7
371	61.7
376	61.8
382	61.7
387	61.5
393	61.3
398	61.2
404	61.2
410	61.3
416	61.4
422	61.5
428	61.4
434	61.3
441	61.2
447	61
454	60.8
460	60.7
467	60.7
474	60.5
481	60.4
488	60.5
495	60.5
502	60.4
509	60.6
517	60.7
524	60.6
532	60.5
540	60.3
547	60.3
555	60.3
563	60.2
572	60.2
580	60.2
588	60.2
597	60.1
606	60
614	60
623	60
632	60
642	60.1
651	60
660	59.9
670	60
680	59.9
690	59.9
700	59.9
710	59.9
720	59.8
731	59.8
741	59.9
752	60
763	59.9
774	59.7
785	59.8
797	59.9
808	60
820	60
832	60
844	60.2
856	60.2
869	60.1
882	60.1
894	60.2
907	60.2
921	60.3
934	60.4
948	60.4
961	60.5
975	60.6
990	60.6
1004	60.7
1019	60.8
1033	60.9
1048	61
1064	61
1079	61.3
1095	61.4
1111	61.3
1127	61.4
1143	61.5
1160	61.5
1177	61.7
1194	61.9
1211	62
1229	62.1
1247	62.2
1265	62.3
1283	62.4
1302	62.5
1321	62.5
1340	62.5
1360	62.7
1379	62.9
1399	62.9
1420	63.1
1440	63.2
1461	63.4
1483	63.5
1504	63.6
1526	63.7
1548	63.7
1571	63.8
1594	63.9
1617	64
1640	64.1
1664	64.4
1688	64.6
1713	64.8
1738	64.9
1763	65.1
1789	65.2
1815	65.4
1841	65.5
1868	65.6
1895	65.5
1923	65.5
1951	65.7
1979	65.7
2008	65.9
2037	66
2067	66.2
2097	66.3
2127	66.6
2158	67
2190	67.3
2221	67.5
2254	67.7
2287	67.9
2320	68
2354	68.2
2388	68.2
2423	68.3
2458	68.4
2494	68.5
2530	68.5
2567	68.6
2604	68.8
2642	68.9
2680	68.9
2719	68.9
2759	69
2799	68.9
2840	68.9
2881	68.9
2923	68.9
2965	68.9
3008	68.8
3052	68.7
3097	68.7
3142	68.6
3187	68.5
3234	68.5
3281	68.4
3328	68.4
3377	68.3
3426	68.2
3476	68.2
3526	68.2
3578	68.2
3630	68.1
3682	68
3736	68
3790	67.9
3846	67.9
3901	67.8
3958	67.8
4016	67.8
4074	67.8
4133	67.7
4194	67.7
4255	67.7
4316	67.7
4379	67.7
4443	67.8
4508	67.8
4573	67.8
4640	67.7
4707	67.8
4776	67.7
4845	67.7
4916	67.7
4987	67.7
5060	67.6
5133	67.5
5208	67.4
5284	67.4
5360	67.2
5438	67.1
5518	66.9
5598	66.8
5679	66.6
5762	66.4
5846	66.2
5931	66.1
6017	66
6104	65.9
6193	65.8
6283	65.6
6375	65.6
6467	65.5
6561	65.4
6657	65.5
6754	65.5
6852	65.7
6952	65.8
7053	66
7155	66.3
7259	66.6
7365	66.8
7472	67.1
7581	67.3
7691	67.4
7803	67.3
7916	67.1
8032	66.7
8148	66.3
8267	65.5
8387	64.7
8509	63.8
8633	62.8
8758	61.9
8886	60.9
9015	60
9146	59.2
9279	58.5
9414	57.8
9551	57.1
9690	56.6
9831	56.1
9974	55.6
10119	55.2
10266	55
10416	54.7
10567	54.5
10721	54.4
10877	54.2
11035	54.2
11196	54.3
11358	54.3
11524	54.5
11691	54.8
11861	55.1
12034	55.6
12209	56.3
12386	57.3
12567	58.5
12749	60.1
12935	62.1
13123	63.9
13314	65
13507	65.1
13704	64.8
13903	64.3
14105	63.6
14311	63
14519	62.4
14730	62
14944	62
15162	62.1
15382	62.7
15606	62.9
15833	62.5
16063	61.3
16297	59.6
16534	57.7
16774	55.8
17018	54.2
17266	52.8
17517	51.6
17772	50.7
18030	49.8
18293	49
18559	48.2
18829	47.3
19102	46.2
19380	45.3
20000	44.6
overall dB	91.1 dB
decay	Average
averaging	1/12 Octave
source	Headset Microphone 1 Low Range
latitude	0
longitude	0
saved	2023/07/14 20:55
peak	26.4Hz
