FFT	AudioTools 	v17.8 (3) iPad battery 100%	2024/05/21 19:44	Headset Microphone 1 Low Range	EB05A3E2-10AC-49FE-A287-06AC06EBE5AD
Frequency	dB	Unweighted
19.5	59.3
19.8	59.4
20.1	59.4
20.3	59.4
20.6	59.4
20.9	59.4
21.2	59.5
21.6	59.5
21.9	59.6
22.2	59.6
22.5	59.6
22.8	59.6
23.2	59.6
23.5	59.6
23.8	59.6
24.2	59.6
24.5	59.6
24.9	59.7
25.3	59.7
25.6	59.7
26	59.7
26.4	59.7
26.8	59.7
27.2	59.6
27.5	59.6
28	59.6
28.4	59.6
28.8	59.6
29.2	59.7
29.6	59.7
30	59.7
30.5	59.7
30.9	59.7
31.4	59.6
31.8	59.5
32.3	59.4
32.8	59.3
33.2	59.3
33.7	59.3
34.2	59.3
34.7	59.4
35.2	59.4
35.7	59.3
36.2	59.3
36.8	59.2
37.3	59.1
37.9	59
38.4	58.9
39	58.9
39.5	58.9
40.1	58.8
40.7	58.8
41.3	58.7
41.9	58.7
42.5	58.8
43.1	58.8
43.7	58.8
44.4	58.8
45	58.7
45.7	58.5
46.3	58.4
47	58.4
47.7	58.4
48.4	58.3
49.1	58.1
49.8	57.9
50.5	57.8
51.3	57.8
52	57.7
52.8	57.7
53.5	57.7
54.3	57.6
55.1	57.5
55.9	57.4
56.7	57.5
57.5	57.6
58.4	57.6
59.2	57.6
60.1	57.6
61	57.6
61.8	57.5
62.7	57.4
63.7	57.3
64.6	57.1
65.5	56.9
66.5	56.7
67.4	56.5
68.4	56.5
69.4	56.4
70.4	56.3
71.5	56.2
72.5	56.2
73.5	56.1
74.6	56
75.7	55.9
76.8	55.7
77.9	55.6
79.1	55.5
80.2	55.4
81.4	55.3
82.6	55.1
83.8	55
85	54.9
86.2	54.9
87.5	54.8
88.7	54.8
90	54.8
91.3	54.6
92.7	54.5
94	54.3
95.4	54.1
96.8	53.9
98.2	53.9
99.6	53.8
101	53.7
103	53.7
104	53.6
106	53.5
107	53.4
109	53.3
110	53.2
112	53.1
113	53
115	52.8
117	52.7
118	52.6
120	52.6
122	52.5
124	52.3
125	52.1
127	52.1
129	52.1
131	52
133	51.9
135	51.8
137	51.8
139	51.5
141	51.4
143	51.3
145	51.2
147	51.1
149	51
151	50.8
154	50.8
156	50.7
158	50.7
160	50.6
163	50.5
165	50.4
168	50.3
170	50.1
172	50
175	49.9
177	49.9
180	49.8
183	49.8
185	49.6
188	49.4
191	49.3
194	49.4
196	49.3
199	49.1
202	49
205	48.9
208	48.8
211	48.7
214	48.6
217	48.6
220	48.5
224	48.3
227	48.2
230	48.1
234	48.1
237	48.1
240	48
244	48
247	47.9
251	47.8
255	47.8
258	47.7
262	47.6
266	47.6
270	47.6
274	47.6
278	47.5
282	47.5
286	47.4
290	47.3
294	47.2
298	47.2
303	47.2
307	47.1
312	47.1
316	47
321	46.9
325	47
330	47
335	46.9
340	46.8
345	46.8
350	46.9
355	47
360	47
365	46.9
371	46.9
376	46.8
382	46.7
387	46.7
393	46.7
398	46.6
404	46.7
410	46.7
416	46.6
422	46.6
428	46.6
434	46.6
441	46.6
447	46.6
454	46.6
460	46.6
467	46.5
474	46.5
481	46.5
488	46.5
495	46.5
502	46.6
509	46.7
517	46.6
524	46.5
532	46.5
540	46.6
547	46.7
555	46.7
563	46.7
572	46.6
580	46.6
588	46.6
597	46.6
606	46.6
614	46.6
623	46.6
632	46.6
642	46.6
651	46.7
660	46.7
670	46.6
680	46.6
690	46.7
700	46.7
710	46.8
720	46.8
731	46.9
741	46.9
752	47
763	47
774	46.9
785	47
797	47.1
808	47.1
820	47.1
832	47.1
844	47.2
856	47.2
869	47.3
882	47.4
894	47.5
907	47.6
921	47.6
934	47.7
948	47.8
961	47.9
975	47.9
990	48
1004	48.1
1019	48.2
1033	48.3
1048	48.5
1064	48.6
1079	48.7
1095	48.9
1111	49
1127	49.2
1143	49.3
1160	49.4
1177	49.6
1194	49.7
1211	49.8
1229	49.9
1247	50
1265	50.1
1283	50.2
1302	50.3
1321	50.5
1340	50.6
1360	50.7
1379	50.7
1399	50.8
1420	50.9
1440	51
1461	51.1
1483	51.2
1504	51.3
1526	51.4
1548	51.5
1571	51.7
1594	51.9
1617	52.1
1640	52.1
1664	52.3
1688	52.4
1713	52.6
1738	52.7
1763	52.9
1789	53
1815	53.1
1841	53.2
1868	53.3
1895	53.4
1923	53.5
1951	53.6
1979	53.7
2008	53.9
2037	54
2067	54.2
2097	54.5
2127	54.8
2158	55.2
2190	55.6
2221	55.9
2254	56.2
2287	56.4
2320	56.6
2354	56.7
2388	56.9
2423	57
2458	57.1
2494	57.3
2530	57.5
2567	57.6
2604	57.7
2642	57.8
2680	58
2719	58.1
2759	58.2
2799	58.3
2840	58.3
2881	58.4
2923	58.5
2965	58.5
3008	58.5
3052	58.5
3097	58.4
3142	58.4
3187	58.4
3234	58.4
3281	58.3
3328	58.3
3377	58.2
3426	58.1
3476	58
3526	57.9
3578	57.9
3630	57.8
3682	57.7
3736	57.6
3790	57.5
3846	57.5
3901	57.4
3958	57.3
4016	57.3
4074	57.2
4133	57.1
4194	57.1
4255	57
4316	56.9
4379	56.8
4443	56.7
4508	56.6
4573	56.4
4640	56.3
4707	56.2
4776	56.1
4845	56
4916	55.9
4987	55.8
5060	55.7
5133	55.6
5208	55.6
5284	55.5
5360	55.5
5438	55.5
5518	55.5
5598	55.6
5679	55.6
5762	55.6
5846	55.5
5931	55.3
6017	55.1
6104	54.8
6193	54.4
6283	54
6375	53.6
6467	53.1
6561	52.6
6657	52.3
6754	52.1
6852	51.9
6952	51.8
7053	51.8
7155	51.9
7259	52.1
7365	52.4
7472	52.8
7581	53.2
7691	53.7
7803	54.2
7916	54.8
8032	55.2
8148	55.4
8267	55.4
8387	55.1
8509	54.4
8633	53.6
8758	52.6
8886	51.6
9015	50.5
9146	49.5
9279	48.6
9414	47.8
9551	47.1
9690	46.5
9831	45.9
9974	45.3
10119	45.1
10266	44.9
10416	44.9
10567	44.9
10721	45.1
10877	45.4
11035	45.7
11196	46.2
11358	46.7
11524	47.2
11691	47.7
11861	48.1
12034	48.4
12209	48.4
12386	48.4
12567	48.3
12749	48.2
12935	48
13123	47.9
13314	47.7
13507	47.6
13704	47.6
13903	47.7
14105	47.8
14311	48.1
14519	48.4
14730	48.7
14944	48.9
15162	48.9
15382	48.6
15606	48.2
15833	47.8
16063	47.6
16297	47.6
16534	47.9
16774	48.4
17018	48.7
17266	48.4
17517	47.1
17772	45.3
18030	43.5
18293	42
18559	40.2
18829	38.3
19102	36.7
19380	35.4
20000	34.4
overall dB	79.6 dB
decay	Average
averaging	1/12 Octave
source	Headset Microphone 1 Low Range
latitude	0
longitude	0
saved	2024/05/21 19:44
peak	19.0Hz
