FFT	AudioTools 	v17.11 (10) iPad battery  85%	2024/08/09 14:27	Headset Microphone 1 Low Range	EB05A3E2-10AC-49FE-A287-06AC06EBE5AD
Frequency	dB	Unweighted
19.5	72.4
19.8	72.5
20.1	72.6
20.3	72.7
20.6	72.7
20.9	72.8
21.2	72.9
21.6	73
21.9	73
22.2	73
22.5	73
22.8	72.9
23.2	72.8
23.5	72.7
23.8	72.6
24.2	72.6
24.5	72.6
24.9	72.6
25.3	72.7
25.6	72.7
26	72.8
26.4	72.9
26.8	72.9
27.2	72.9
27.5	72.9
28	72.9
28.4	72.9
28.8	72.9
29.2	73
29.6	73.1
30	73.2
30.5	73.3
30.9	73.3
31.4	73.4
31.8	73.4
32.3	73.3
32.8	73.3
33.2	73.2
33.7	73.2
34.2	73.2
34.7	73.1
35.2	73.1
35.7	73.1
36.2	73
36.8	73.1
37.3	73.1
37.9	73.2
38.4	73.3
39	73.3
39.5	73.3
40.1	73.2
40.7	73.1
41.3	73
41.9	73
42.5	73.1
43.1	73.2
43.7	73.3
44.4	73.3
45	73.3
45.7	73.2
46.3	73
47	72.9
47.7	72.8
48.4	72.7
49.1	72.7
49.8	72.7
50.5	72.7
51.3	72.7
52	72.6
52.8	72.5
53.5	72.4
54.3	72.4
55.1	72.3
55.9	72.2
56.7	72.2
57.5	72.3
58.4	72.4
59.2	72.7
60.1	72.7
61	72.7
61.8	72.6
62.7	72.5
63.7	72.5
64.6	72.4
65.5	72.4
66.5	72.4
67.4	72.4
68.4	72.4
69.4	72.3
70.4	72.2
71.5	72.2
72.5	72
73.5	71.8
74.6	71.7
75.7	71.6
76.8	71.6
77.9	71.6
79.1	71.6
80.2	71.6
81.4	71.5
82.6	71.4
83.8	71.1
85	70.8
86.2	70.7
87.5	70.8
88.7	70.7
90	70.4
91.3	70.2
92.7	70.2
94	70.3
95.4	70.3
96.8	70.4
98.2	70.5
99.6	70.4
101	70.3
103	70.2
104	70.1
106	70.2
107	70.2
109	70.1
110	70.1
112	70
113	69.9
115	69.8
117	69.8
118	69.8
120	69.9
122	70
124	69.7
125	69.3
127	69.1
129	69
131	69
133	69
135	68.8
137	68.7
139	68.6
141	68.8
143	69
145	68.9
147	68.9
149	69.1
151	69.3
154	69.1
156	68.8
158	68.6
160	68.5
163	68.4
165	68.1
168	67.9
170	67.7
172	67.7
175	67.7
177	67.5
180	67.2
183	67.2
185	67.3
188	67.4
191	67.4
194	67.3
196	67.3
199	67.4
202	67.4
205	67.2
208	67.1
211	67.2
214	67.3
217	67
220	66.6
224	66.6
227	66.4
230	66.2
234	66.3
237	66.4
240	66.4
244	66.4
247	66.3
251	66.4
255	66.4
258	66.3
262	66.5
266	66.4
270	66.3
274	66
278	65.7
282	65.6
286	65.7
290	65.8
294	65.8
298	65.7
303	65.7
307	65.8
312	65.7
316	65.4
321	65.3
325	65.3
330	65.2
335	65.3
340	65.3
345	65.3
350	65.3
355	65.2
360	64.9
365	64.9
371	64.9
376	65
382	64.8
387	64.8
393	64.7
398	64.6
404	64.7
410	64.8
416	64.9
422	64.8
428	64.8
434	64.8
441	64.5
447	64.4
454	64.3
460	64.2
467	64.1
474	64
481	63.9
488	64
495	64
502	64
509	64.2
517	64.4
524	64.4
532	64.2
540	64.1
547	64.3
555	64.5
563	64.6
572	64.5
580	64.4
588	64.3
597	64.2
606	64.1
614	64.1
623	64
632	64
642	64
651	64
660	63.9
670	63.8
680	63.8
690	63.8
700	63.9
710	64
720	64
731	64.1
741	64
752	64
763	63.9
774	63.8
785	64
797	64.1
808	64.1
820	64
832	63.9
844	64
856	64
869	64
882	63.8
894	63.9
907	64
921	64.2
934	64.3
948	64.2
961	64.3
975	64.2
990	64
1004	63.9
1019	64
1033	64.2
1048	64.3
1064	64.5
1079	64.7
1095	64.8
1111	64.8
1127	64.9
1143	64.9
1160	65.1
1177	65.4
1194	65.5
1211	65.6
1229	65.7
1247	65.8
1265	65.8
1283	66
1302	66.1
1321	66.1
1340	66.2
1360	66.4
1379	66.6
1399	66.8
1420	66.9
1440	66.9
1461	67.1
1483	67.2
1504	67.4
1526	67.4
1548	67.4
1571	67.4
1594	67.4
1617	67.4
1640	67.3
1664	67.4
1688	67.4
1713	67.5
1738	67.6
1763	67.8
1789	67.9
1815	68
1841	68.1
1868	68.2
1895	68.2
1923	68.3
1951	68.4
1979	68.4
2008	68.4
2037	68.5
2067	68.7
2097	68.7
2127	68.8
2158	68.9
2190	69
2221	69
2254	69.2
2287	69.4
2320	69.5
2354	69.6
2388	69.8
2423	69.9
2458	70.1
2494	70.2
2530	70.4
2567	70.5
2604	70.7
2642	70.8
2680	70.9
2719	71.1
2759	71.1
2799	71.2
2840	71.3
2881	71.5
2923	71.8
2965	71.9
3008	72
3052	72.1
3097	72.1
3142	72.2
3187	72.2
3234	72.2
3281	72.2
3328	72.2
3377	72.2
3426	72.1
3476	72
3526	72
3578	71.9
3630	71.8
3682	71.7
3736	71.5
3790	71.3
3846	71.1
3901	70.9
3958	70.8
4016	70.6
4074	70.3
4133	70
4194	69.8
4255	69.6
4316	69.4
4379	69.3
4443	69.1
4508	69
4573	68.9
4640	68.7
4707	68.6
4776	68.4
4845	68.3
4916	68.3
4987	68.2
5060	68.2
5133	68.1
5208	68
5284	68
5360	68
5438	67.9
5518	67.8
5598	67.7
5679	67.7
5762	67.7
5846	67.7
5931	67.8
6017	67.8
6104	68
6193	68
6283	68
6375	68.1
6467	68.3
6561	68.4
6657	68.7
6754	68.9
6852	69
6952	69.2
7053	69.4
7155	69.6
7259	69.8
7365	70.1
7472	70.3
7581	70.7
7691	71.1
7803	71.6
7916	72
8032	72.3
8148	72.4
8267	72.2
8387	71.8
8509	71.1
8633	70.4
8758	69.6
8886	68.7
9015	67.9
9146	67.3
9279	66.8
9414	66.4
9551	66
9690	65.7
9831	65.4
9974	65
10119	64.9
10266	64.8
10416	64.7
10567	64.7
10721	64.7
10877	64.7
11035	64.8
11196	64.9
11358	64.9
11524	64.9
11691	65
11861	65.1
12034	65.2
12209	65.4
12386	65.7
12567	66
12749	66.3
12935	66.6
13123	67
13314	67.4
13507	67.7
13704	67.8
13903	67.8
14105	67.5
14311	67.2
14519	66.7
14730	66.3
14944	65.8
15162	65.4
15382	64.7
15606	64.3
15833	63.9
16063	63.5
16297	63.2
16534	62.9
16774	62.5
17018	62.1
17266	61.7
17517	61.4
17772	61.1
18030	60.7
18293	60.3
18559	59.9
18829	59.4
19102	58.8
19380	58.1
20000	57.7
overall dB	94.4 dB
decay	Average
averaging	1/12 Octave
source	Headset Microphone 1 Low Range
latitude	0
longitude	0
saved	2024/08/09 14:27
peak	16.1Hz
