FFT	AudioTools 	v17.11 (10) iPad battery  86%	2024/08/09 14:25	Headset Microphone 1 Low Range	EB05A3E2-10AC-49FE-A287-06AC06EBE5AD
Frequency	dB	Unweighted
19.5	72.8
19.8	72.8
20.1	72.8
20.3	72.9
20.6	73
20.9	73.1
21.2	73.2
21.6	73.4
21.9	73.5
22.2	73.5
22.5	73.5
22.8	73.5
23.2	73.4
23.5	73.4
23.8	73.3
24.2	73.2
24.5	73.2
24.9	73.1
25.3	73.2
25.6	73.2
26	73.2
26.4	73.2
26.8	73.2
27.2	73.2
27.5	73.2
28	73.1
28.4	73.1
28.8	73.1
29.2	73.2
29.6	73.3
30	73.3
30.5	73.4
30.9	73.4
31.4	73.4
31.8	73.4
32.3	73.3
32.8	73.3
33.2	73.2
33.7	73.2
34.2	73.2
34.7	73.2
35.2	73.2
35.7	73.3
36.2	73.3
36.8	73.3
37.3	73.4
37.9	73.4
38.4	73.5
39	73.5
39.5	73.5
40.1	73.4
40.7	73.3
41.3	73.1
41.9	73
42.5	73.1
43.1	73.2
43.7	73.4
44.4	73.6
45	73.6
45.7	73.4
46.3	73.2
47	73
47.7	72.8
48.4	72.8
49.1	72.7
49.8	72.7
50.5	72.7
51.3	72.7
52	72.5
52.8	72.5
53.5	72.5
54.3	72.6
55.1	72.5
55.9	72.3
56.7	72.2
57.5	72.2
58.4	72.2
59.2	72.4
60.1	72.5
61	72.7
61.8	72.8
62.7	72.7
63.7	72.6
64.6	72.5
65.5	72.5
66.5	72.5
67.4	72.4
68.4	72.4
69.4	72.4
70.4	72.3
71.5	72.1
72.5	71.9
73.5	71.6
74.6	71.4
75.7	71.3
76.8	71.4
77.9	71.5
79.1	71.5
80.2	71.4
81.4	71.3
82.6	71.2
83.8	71
85	70.8
86.2	70.8
87.5	70.9
88.7	70.9
90	70.5
91.3	70.3
92.7	70.5
94	70.6
95.4	70.5
96.8	70.5
98.2	70.7
99.6	70.6
101	70.4
103	70.3
104	70.2
106	70.2
107	70.2
109	70.2
110	70.3
112	70.4
113	70.3
115	70.1
117	69.9
118	69.8
120	69.9
122	70.2
124	70
125	69.5
127	69.1
129	69.1
131	69
133	69
135	68.9
137	68.8
139	68.7
141	68.9
143	69.1
145	69.1
147	69
149	69
151	69.4
154	69.6
156	69.2
158	68.8
160	68.7
163	68.8
165	68.6
168	68.2
170	67.8
172	67.7
175	67.8
177	67.8
180	67.7
183	67.5
185	67.6
188	67.6
191	67.5
194	67.4
196	67.5
199	67.8
202	67.8
205	67.4
208	67.2
211	67.4
214	68
217	67.8
220	67.3
224	66.9
227	66.6
230	66.3
234	66.5
237	66.9
240	66.9
244	66.8
247	66.7
251	66.8
255	66.9
258	66.7
262	66.8
266	66.9
270	66.9
274	66.7
278	66.1
282	65.9
286	66
290	66.1
294	66.3
298	66.2
303	66
307	66.2
312	66.3
316	66.1
321	65.9
325	65.8
330	65.7
335	65.7
340	65.7
345	65.6
350	65.7
355	65.8
360	65.5
365	65.3
371	65.2
376	65.4
382	65.3
387	65.3
393	65.2
398	65.1
404	65.2
410	65.4
416	65.4
422	65.3
428	65.3
434	65.6
441	65.3
447	65.1
454	65
460	64.9
467	64.9
474	64.9
481	64.8
488	64.9
495	64.8
502	64.6
509	64.7
517	65.1
524	65.4
532	65.1
540	64.9
547	65.1
555	65.3
563	65.3
572	65.2
580	65.2
588	65.2
597	65
606	65
614	65
623	64.8
632	64.8
642	64.8
651	64.9
660	64.9
670	64.7
680	64.6
690	64.6
700	64.9
710	65.1
720	65.2
731	65.4
741	65.3
752	65.2
763	65.1
774	64.9
785	65.2
797	65.4
808	65.3
820	65.4
832	65.1
844	65.3
856	65.3
869	65.5
882	65.3
894	65.1
907	65.4
921	65.7
934	65.8
948	65.6
961	65.7
975	65.6
990	65.5
1004	65.4
1019	65.4
1033	65.7
1048	65.9
1064	66.1
1079	66.2
1095	66.3
1111	66.4
1127	66.4
1143	66.5
1160	66.7
1177	67.1
1194	67.2
1211	67.3
1229	67.4
1247	67.6
1265	67.4
1283	67.7
1302	67.9
1321	68.1
1340	68
1360	68.3
1379	68.4
1399	68.7
1420	68.9
1440	68.8
1461	69
1483	69.1
1504	69.2
1526	69.4
1548	69.5
1571	69.4
1594	69.5
1617	69.7
1640	69.6
1664	69.5
1688	69.6
1713	69.7
1738	69.8
1763	70.2
1789	70.4
1815	70.5
1841	70.7
1868	70.8
1895	70.8
1923	70.8
1951	71.1
1979	71.1
2008	71.2
2037	71.2
2067	71.4
2097	71.5
2127	71.5
2158	71.7
2190	71.8
2221	71.8
2254	72
2287	72.3
2320	72.5
2354	72.5
2388	72.6
2423	72.6
2458	72.6
2494	72.8
2530	72.8
2567	72.9
2604	73
2642	73.1
2680	73.2
2719	73.2
2759	73.3
2799	73.2
2840	73.3
2881	73.2
2923	73.5
2965	73.5
3008	73.4
3052	73.5
3097	73.5
3142	73.5
3187	73.5
3234	73.4
3281	73.5
3328	73.5
3377	73.5
3426	73.5
3476	73.3
3526	73.4
3578	73.3
3630	73.3
3682	73.4
3736	73.2
3790	73
3846	73
3901	72.9
3958	72.8
4016	72.8
4074	72.6
4133	72.3
4194	72.2
4255	72.2
4316	72.1
4379	72.1
4443	71.9
4508	71.9
4573	71.8
4640	71.7
4707	71.5
4776	71.3
4845	71.3
4916	71.2
4987	71.2
5060	71
5133	71
5208	70.8
5284	70.8
5360	70.7
5438	70.6
5518	70.4
5598	70.2
5679	70.1
5762	70.1
5846	70
5931	70
6017	69.9
6104	70
6193	70
6283	69.8
6375	69.9
6467	69.9
6561	70
6657	70.2
6754	70.5
6852	70.7
6952	70.8
7053	71.1
7155	71.4
7259	71.7
7365	72.1
7472	72.5
7581	72.9
7691	73.3
7803	73.5
7916	73.5
8032	73.1
8148	72.7
8267	72.1
8387	71.3
8509	70.5
8633	69.8
8758	69
8886	68.4
9015	67.8
9146	67.5
9279	67.2
9414	67
9551	66.9
9690	66.7
9831	66.6
9974	66.4
10119	66.3
10266	66.3
10416	66.2
10567	66.2
10721	66.2
10877	66.2
11035	66.1
11196	66.1
11358	66.1
11524	66.1
11691	66.1
11861	66.3
12034	66.4
12209	66.7
12386	67
12567	67.5
12749	68
12935	68.6
13123	69.3
13314	70
13507	70.2
13704	70.1
13903	69.9
14105	69.3
14311	68.8
14519	68.2
14730	67.8
14944	67.5
15162	67.2
15382	66.9
15606	66.6
15833	66.3
16063	65.9
16297	65.4
16534	64.9
16774	64.5
17018	64
17266	63.6
17517	63.2
17772	62.9
18030	62.4
18293	62
18559	61.6
18829	61.1
19102	60.5
19380	59.8
20000	59.2
overall dB	95.6 dB
decay	Average
averaging	1/24 Octave
source	Headset Microphone 1 Low Range
latitude	0
longitude	0
saved	2024/08/09 14:25
peak	16.1Hz
