FFT	AudioTools 	v17.8 (3) iPad battery 100%	2024/05/21 20:03	Headset Microphone 1 Low Range	EB05A3E2-10AC-49FE-A287-06AC06EBE5AD
Frequency	dB	Unweighted
19.5	60.9
19.8	60.8
20.1	60.6
20.3	60.5
20.6	60.4
20.9	60.3
21.2	60.2
21.6	60.2
21.9	60.1
22.2	60.1
22.5	60.1
22.8	60.1
23.2	60.1
23.5	60.1
23.8	60.1
24.2	60.1
24.5	60.1
24.9	60.1
25.3	60
25.6	60
26	59.9
26.4	59.8
26.8	59.7
27.2	59.6
27.5	59.6
28	59.6
28.4	59.7
28.8	59.8
29.2	59.9
29.6	60
30	60.1
30.5	60.1
30.9	60.2
31.4	60.1
31.8	60.1
32.3	60
32.8	59.9
33.2	59.9
33.7	59.8
34.2	59.8
34.7	59.7
35.2	59.7
35.7	59.6
36.2	59.5
36.8	59.4
37.3	59.4
37.9	59.3
38.4	59.3
39	59.4
39.5	59.4
40.1	59.5
40.7	59.5
41.3	59.4
41.9	59.4
42.5	59.4
43.1	59.4
43.7	59.4
44.4	59.4
45	59.2
45.7	59.1
46.3	58.9
47	58.8
47.7	58.7
48.4	58.6
49.1	58.4
49.8	58.3
50.5	58.3
51.3	58.3
52	58.3
52.8	58.3
53.5	58.3
54.3	58.3
55.1	58.2
55.9	58
56.7	57.8
57.5	57.6
58.4	57.5
59.2	57.3
60.1	57.3
61	57.1
61.8	57
62.7	56.8
63.7	56.6
64.6	56.5
65.5	56.4
66.5	56.4
67.4	56.3
68.4	56.2
69.4	56.1
70.4	56
71.5	55.9
72.5	55.9
73.5	55.9
74.6	55.8
75.7	55.6
76.8	55.4
77.9	55.3
79.1	55.2
80.2	55.1
81.4	54.8
82.6	54.6
83.8	54.4
85	54.4
86.2	54.4
87.5	54.4
88.7	54.4
90	54.2
91.3	54.2
92.7	54.1
94	54.1
95.4	53.9
96.8	53.8
98.2	53.7
99.6	53.5
101	53.3
103	53.2
104	53.2
106	53.1
107	53
109	52.8
110	52.7
112	52.6
113	52.5
115	52.4
117	52.3
118	52.3
120	52.1
122	51.9
124	51.8
125	51.7
127	51.5
129	51.6
131	51.6
133	51.4
135	51.2
137	51
139	50.7
141	50.7
143	50.7
145	50.8
147	50.8
149	50.6
151	50.3
154	50.1
156	50
158	50
160	49.9
163	49.9
165	49.8
168	49.7
170	49.6
172	49.6
175	49.5
177	49.4
180	49.3
183	49.2
185	49.2
188	49.1
191	49
194	48.8
196	48.7
199	48.6
202	48.4
205	48.4
208	48.4
211	48.4
214	48.4
217	48.3
220	48.3
224	48.2
227	48.2
230	48.1
234	48
237	47.9
240	47.8
244	47.8
247	47.6
251	47.5
255	47.5
258	47.4
262	47.5
266	47.5
270	47.5
274	47.5
278	47.5
282	47.3
286	47.2
290	47.1
294	47.1
298	47.1
303	47.1
307	47.1
312	47
316	47
321	46.8
325	46.7
330	46.7
335	46.7
340	46.6
345	46.6
350	46.6
355	46.5
360	46.4
365	46.5
371	46.6
376	46.6
382	46.5
387	46.5
393	46.4
398	46.3
404	46.4
410	46.5
416	46.5
422	46.5
428	46.4
434	46.4
441	46.4
447	46.4
454	46.3
460	46.3
467	46.4
474	46.4
481	46.3
488	46.3
495	46.3
502	46.4
509	46.4
517	46.4
524	46.4
532	46.4
540	46.5
547	46.5
555	46.6
563	46.5
572	46.5
580	46.4
588	46.4
597	46.4
606	46.5
614	46.5
623	46.5
632	46.5
642	46.5
651	46.5
660	46.5
670	46.5
680	46.5
690	46.5
700	46.6
710	46.6
720	46.6
731	46.7
741	46.6
752	46.7
763	46.8
774	46.7
785	46.8
797	46.9
808	46.9
820	46.9
832	47
844	47.1
856	47.2
869	47.2
882	47.3
894	47.3
907	47.4
921	47.5
934	47.7
948	47.7
961	47.8
975	47.8
990	47.9
1004	48
1019	48.1
1033	48.2
1048	48.4
1064	48.5
1079	48.6
1095	48.8
1111	48.8
1127	48.9
1143	49.1
1160	49.3
1177	49.5
1194	49.6
1211	49.7
1229	49.8
1247	49.9
1265	50
1283	50.1
1302	50.2
1321	50.3
1340	50.4
1360	50.6
1379	50.7
1399	50.8
1420	50.8
1440	50.9
1461	51
1483	51.1
1504	51.2
1526	51.4
1548	51.5
1571	51.7
1594	51.9
1617	52.1
1640	52.2
1664	52.3
1688	52.4
1713	52.6
1738	52.7
1763	52.8
1789	52.8
1815	53
1841	53.1
1868	53.2
1895	53.3
1923	53.5
1951	53.7
1979	53.9
2008	54.1
2037	54.3
2067	54.5
2097	54.7
2127	54.8
2158	55
2190	55.2
2221	55.5
2254	55.8
2287	56.1
2320	56.3
2354	56.5
2388	56.6
2423	56.7
2458	56.9
2494	57
2530	57.2
2567	57.2
2604	57.4
2642	57.5
2680	57.6
2719	57.6
2759	57.7
2799	57.8
2840	57.8
2881	57.9
2923	57.9
2965	57.9
3008	57.9
3052	57.9
3097	57.9
3142	57.8
3187	57.8
3234	57.8
3281	57.7
3328	57.7
3377	57.7
3426	57.6
3476	57.6
3526	57.5
3578	57.4
3630	57.4
3682	57.3
3736	57.2
3790	57.2
3846	57.1
3901	57
3958	57
4016	56.9
4074	56.8
4133	56.8
4194	56.7
4255	56.6
4316	56.5
4379	56.4
4443	56.2
4508	56.1
4573	56
4640	55.8
4707	55.6
4776	55.5
4845	55.3
4916	55.2
4987	55
5060	54.8
5133	54.7
5208	54.6
5284	54.6
5360	54.6
5438	54.6
5518	54.6
5598	54.5
5679	54.5
5762	54.3
5846	54.1
5931	53.8
6017	53.5
6104	53.1
6193	52.7
6283	52.3
6375	51.9
6467	51.6
6561	51.1
6657	50.9
6754	50.7
6852	50.7
6952	50.7
7053	50.7
7155	50.9
7259	51.1
7365	51.4
7472	51.9
7581	52.4
7691	52.9
7803	53.5
7916	54
8032	54.4
8148	54.6
8267	54.6
8387	54.2
8509	53.5
8633	52.6
8758	51.6
8886	50.6
9015	49.6
9146	48.6
9279	47.8
9414	47
9551	46.4
9690	45.8
9831	45.4
9974	44.9
10119	44.7
10266	44.6
10416	44.6
10567	44.7
10721	44.9
10877	45.2
11035	45.6
11196	46
11358	46.5
11524	46.9
11691	47.2
11861	47.4
12034	47.4
12209	47.3
12386	47.2
12567	47.1
12749	47
12935	46.9
13123	46.7
13314	46.6
13507	46.5
13704	46.6
13903	46.7
14105	46.8
14311	47.1
14519	47.3
14730	47.4
14944	47.5
15162	47.4
15382	47.1
15606	46.9
15833	46.8
16063	46.8
16297	47.1
16534	47.4
16774	47.5
17018	47.1
17266	45.8
17517	43.9
17772	41.7
18030	39.7
18293	38.1
18559	36.2
18829	34.4
19102	32.9
19380	31.9
20000	31
overall dB	82.2 dB
decay	Average
averaging	1/12 Octave
source	Headset Microphone 1 Low Range
latitude	0
longitude	0
saved	2024/05/21 20:03
peak	 7.3Hz
