FFT	AudioTools 	v17.5 (101) iPad battery  67%	2024/04/04 15:33	Headset Microphone 1 Low Range	EB05A3E2-10AC-49FE-A287-06AC06EBE5AD
Frequency	dB	Unweighted
19.5	73.2
19.8	73.3
20.1	73.5
20.3	73.6
20.6	73.7
20.9	73.8
21.2	73.9
21.6	74
21.9	74
22.2	74.1
22.5	74.1
22.8	74.2
23.2	74.2
23.5	74.3
23.8	74.3
24.2	74.4
24.5	74.5
24.9	74.7
25.3	74.8
25.6	74.9
26	75
26.4	75
26.8	75
27.2	74.9
27.5	74.9
28	74.8
28.4	74.7
28.8	74.7
29.2	74.6
29.6	74.6
30	74.5
30.5	74.5
30.9	74.6
31.4	74.7
31.8	74.8
32.3	75
32.8	75.1
33.2	75.2
33.7	75.3
34.2	75.3
34.7	75.2
35.2	75.2
35.7	75.2
36.2	75.1
36.8	75.1
37.3	75
37.9	75
38.4	74.9
39	74.8
39.5	74.7
40.1	74.7
40.7	74.6
41.3	74.6
41.9	74.7
42.5	74.8
43.1	74.9
43.7	75
44.4	75.1
45	75.1
45.7	75.1
46.3	75.1
47	75.1
47.7	75.2
48.4	75.2
49.1	75.3
49.8	75.2
50.5	75
51.3	74.7
52	74.5
52.8	74.2
53.5	74
54.3	73.9
55.1	73.9
55.9	74.1
56.7	74.3
57.5	74.4
58.4	74.5
59.2	74.3
60.1	74.2
61	74
61.8	73.9
62.7	73.8
63.7	73.8
64.6	73.7
65.5	73.5
66.5	73.4
67.4	73.2
68.4	73.1
69.4	73
70.4	72.9
71.5	72.7
72.5	72.6
73.5	72.4
74.6	72.1
75.7	72
76.8	72
77.9	72
79.1	71.8
80.2	71.4
81.4	71.2
82.6	71.2
83.8	71.4
85	71.7
86.2	71.6
87.5	71.4
88.7	71.3
90	71.3
91.3	71.2
92.7	71
94	70.9
95.4	70.8
96.8	70.6
98.2	70.4
99.6	70.3
101	70.4
103	70.4
104	70.4
106	70.4
107	70.5
109	70.5
110	70.4
112	70.3
113	70.2
115	70.3
117	70.2
118	69.9
120	69.5
122	69.1
124	68.7
125	68.4
127	68.3
129	68.5
131	68.5
133	68.4
135	68.2
137	68.2
139	67.9
141	67.7
143	67.6
145	67.6
147	67.4
149	67.3
151	67.3
154	67
156	66.6
158	66.3
160	66.3
163	66.3
165	66.3
168	66.2
170	66
172	65.9
175	65.8
177	65.7
180	65.5
183	65.1
185	65
188	64.8
191	64.7
194	64.6
196	64.5
199	64.4
202	64.1
205	64.1
208	64.2
211	64.1
214	64.2
217	64.3
220	64.4
224	64.3
227	64.1
230	64
234	63.9
237	63.8
240	63.9
244	63.9
247	63.7
251	63.4
255	63.2
258	63.1
262	62.9
266	62.9
270	63
274	63.1
278	63.1
282	62.9
286	62.8
290	62.8
294	62.6
298	62.5
303	62.5
307	62.3
312	62.3
316	62.3
321	62.4
325	62.3
330	62.4
335	62.5
340	62.6
345	62.7
350	62.7
355	62.4
360	62.3
365	62.2
371	62.2
376	62.4
382	62.3
387	62.2
393	62.2
398	62.2
404	62.1
410	62.2
416	62.2
422	62
428	61.9
434	61.9
441	61.9
447	62.1
454	62.1
460	62.1
467	62.2
474	62.2
481	62.1
488	62.1
495	62.1
502	61.8
509	61.8
517	61.7
524	61.7
532	61.8
540	61.9
547	62
555	62
563	61.9
572	61.9
580	61.8
588	61.7
597	61.4
606	61.3
614	61.5
623	61.5
632	61.5
642	61.6
651	61.6
660	61.6
670	61.5
680	61.5
690	61.4
700	61.3
710	61.2
720	61
731	60.9
741	60.8
752	60.8
763	60.8
774	60.8
785	60.7
797	60.6
808	60.7
820	60.6
832	60.5
844	60.4
856	60.3
869	60.3
882	60.3
894	60.2
907	60.3
921	60.3
934	60.1
948	60.1
961	60.1
975	60.1
990	60.3
1004	60.3
1019	60.2
1033	60.2
1048	60.2
1064	60.2
1079	60.1
1095	60.1
1111	60.3
1127	60.4
1143	60.4
1160	60.4
1177	60.6
1194	60.8
1211	60.7
1229	60.5
1247	60.6
1265	60.8
1283	60.8
1302	60.8
1321	60.8
1340	60.7
1360	60.8
1379	60.8
1399	60.8
1420	60.9
1440	60.9
1461	61
1483	61.2
1504	61.2
1526	61.2
1548	61.4
1571	61.5
1594	61.6
1617	61.6
1640	61.6
1664	61.8
1688	62
1713	62.1
1738	62.3
1763	62.4
1789	62.5
1815	62.6
1841	62.8
1868	62.9
1895	62.9
1923	63.1
1951	63.3
1979	63.4
2008	63.7
2037	63.8
2067	64
2097	64.3
2127	64.4
2158	64.6
2190	64.8
2221	64.9
2254	65
2287	65.3
2320	65.4
2354	65.4
2388	65.5
2423	65.5
2458	65.5
2494	65.6
2530	65.9
2567	66.1
2604	66.2
2642	66.3
2680	66.5
2719	66.7
2759	66.9
2799	67.1
2840	67.4
2881	67.5
2923	67.7
2965	67.9
3008	68.1
3052	68.3
3097	68.4
3142	68.3
3187	68.2
3234	68.1
3281	68
3328	67.8
3377	67.7
3426	67.5
3476	67.4
3526	67.2
3578	67.2
3630	67.3
3682	67.4
3736	67.5
3790	67.6
3846	67.8
3901	67.9
3958	67.9
4016	67.9
4074	67.8
4133	67.5
4194	67
4255	66.2
4316	65.6
4379	65
4443	64.6
4508	64.2
4573	64
4640	63.8
4707	63.8
4776	63.8
4845	63.7
4916	63.6
4987	63.7
5060	63.9
5133	64
5208	64.2
5284	64.5
5360	64.9
5438	65.4
5518	65.8
5598	66
5679	66
5762	65.9
5846	65.6
5931	65.3
6017	65
6104	64.8
6193	64.8
6283	65
6375	65.3
6467	65.7
6561	66.3
6657	66.7
6754	66.9
6852	66.6
6952	65.9
7053	64.7
7155	63.1
7259	61.1
7365	59.3
7472	58
7581	57.5
7691	57.6
7803	57.9
7916	58.3
8032	58.6
8148	58.8
8267	58.9
8387	58.9
8509	58.9
8633	58.8
8758	58.7
8886	58.6
9015	58.4
9146	58.2
9279	58.1
9414	58.1
9551	58.1
9690	58.1
9831	58.3
9974	58.4
10119	58.5
10266	58.6
10416	58.6
10567	58.5
10721	58.4
10877	58.2
11035	58.1
11196	58
11358	57.8
11524	57.7
11691	57.6
11861	57.5
12034	57.4
12209	57.4
12386	57.5
12567	57.7
12749	58
12935	58.5
13123	59.3
13314	60.4
13507	61.6
13704	62.8
13903	63.7
14105	64.4
14311	64.3
14519	63.8
14730	62.9
14944	61.9
15162	61.3
15382	61.7
15606	62.4
15833	62.8
16063	62.7
16297	62.1
16534	61.2
16774	60.3
17018	59.4
17266	58.7
17517	58.1
17772	57.8
18030	57.6
18293	57.6
18559	57.7
18829	57.3
19102	55.9
19380	53.7
20000	52.1
overall dB	94.2 dB
decay	Average
averaging	1/12 Octave
source	Headset Microphone 1 Low Range
latitude	0
longitude	0
saved	2024/04/04 15:33
peak	26.4Hz
