FFT	AudioTools 	v17.10 (4) iPad battery  27%	2024/08/05 22:23	Headset Microphone 1 Low Range	EB05A3E2-10AC-49FE-A287-06AC06EBE5AD
Frequency	dB	Unweighted
19.5	72.6
19.8	72.7
20.1	72.7
20.3	72.8
20.6	72.9
20.9	73
21.2	73.1
21.6	73.2
21.9	73.3
22.2	73.4
22.5	73.4
22.8	73.4
23.2	73.3
23.5	73.3
23.8	73.2
24.2	73.2
24.5	73.1
24.9	73.1
25.3	73.2
25.6	73.3
26	73.3
26.4	73.3
26.8	73.4
27.2	73.3
27.5	73.3
28	73.3
28.4	73.3
28.8	73.3
29.2	73.3
29.6	73.3
30	73.3
30.5	73.4
30.9	73.4
31.4	73.4
31.8	73.4
32.3	73.4
32.8	73.4
33.2	73.3
33.7	73.3
34.2	73.3
34.7	73.3
35.2	73.3
35.7	73.2
36.2	73.2
36.8	73.2
37.3	73.3
37.9	73.3
38.4	73.4
39	73.4
39.5	73.3
40.1	73.2
40.7	73.1
41.3	73
41.9	73
42.5	73
43.1	73.2
43.7	73.4
44.4	73.5
45	73.5
45.7	73.4
46.3	73.2
47	72.9
47.7	72.8
48.4	72.7
49.1	72.7
49.8	72.7
50.5	72.7
51.3	72.6
52	72.6
52.8	72.6
53.5	72.7
54.3	72.7
55.1	72.6
55.9	72.4
56.7	72.3
57.5	72.3
58.4	72.3
59.2	72.5
60.1	72.6
61	72.7
61.8	72.7
62.7	72.6
63.7	72.5
64.6	72.5
65.5	72.5
66.5	72.4
67.4	72.4
68.4	72.4
69.4	72.3
70.4	72.2
71.5	72.1
72.5	71.9
73.5	71.7
74.6	71.5
75.7	71.5
76.8	71.5
77.9	71.5
79.1	71.5
80.2	71.4
81.4	71.3
82.6	71.2
83.8	70.9
85	70.7
86.2	70.7
87.5	70.6
88.7	70.4
90	70.2
91.3	70.2
92.7	70.3
94	70.4
95.4	70.4
96.8	70.5
98.2	70.5
99.6	70.5
101	70.4
103	70.2
104	70.1
106	70
107	69.9
109	69.9
110	69.9
112	70
113	69.8
115	69.6
117	69.6
118	69.6
120	69.8
122	69.8
124	69.5
125	69.2
127	69
129	68.9
131	68.7
133	68.8
135	68.7
137	68.6
139	68.5
141	68.5
143	68.6
145	68.6
147	68.6
149	68.8
151	69
154	68.9
156	68.6
158	68.3
160	68.2
163	68.1
165	67.8
168	67.4
170	67.2
172	67.3
175	67.4
177	67.3
180	67.1
183	67
185	67
188	66.9
191	66.8
194	66.7
196	66.8
199	67
202	67
205	66.9
208	66.8
211	67
214	67.1
217	66.8
220	66.5
224	66.3
227	66.1
230	65.9
234	66
237	66.1
240	66
244	65.8
247	65.9
251	66.1
255	66.1
258	66
262	66.1
266	66.1
270	66.1
274	65.8
278	65.5
282	65.4
286	65.4
290	65.5
294	65.4
298	65.3
303	65.4
307	65.6
312	65.6
316	65.5
321	65.4
325	65.2
330	65.1
335	65
340	65
345	64.9
350	65.1
355	64.9
360	64.6
365	64.4
371	64.4
376	64.5
382	64.5
387	64.5
393	64.3
398	64.2
404	64.3
410	64.5
416	64.6
422	64.6
428	64.7
434	64.8
441	64.5
447	64.3
454	64.2
460	64.1
467	64.1
474	64.1
481	64.2
488	64.3
495	64.3
502	64.2
509	64.3
517	64.5
524	64.5
532	64.3
540	64.3
547	64.4
555	64.6
563	64.6
572	64.6
580	64.6
588	64.5
597	64.4
606	64.4
614	64.4
623	64.3
632	64.4
642	64.5
651	64.6
660	64.7
670	64.7
680	64.7
690	64.8
700	65
710	65.1
720	65.2
731	65.5
741	65.5
752	65.5
763	65.4
774	65.3
785	65.6
797	65.7
808	65.7
820	65.6
832	65.6
844	65.7
856	65.8
869	65.9
882	65.8
894	65.8
907	66.1
921	66.3
934	66.4
948	66.5
961	66.6
975	66.5
990	66.5
1004	66.5
1019	66.6
1033	66.8
1048	67
1064	67.2
1079	67.3
1095	67.5
1111	67.7
1127	67.8
1143	68
1160	68.3
1177	68.7
1194	68.9
1211	69.1
1229	69.3
1247	69.3
1265	69.4
1283	69.7
1302	69.8
1321	69.9
1340	70
1360	70.2
1379	70.3
1399	70.7
1420	70.8
1440	70.9
1461	71
1483	71.1
1504	71.2
1526	71.3
1548	71.2
1571	71.2
1594	71.4
1617	71.4
1640	71.3
1664	71.3
1688	71.4
1713	71.4
1738	71.5
1763	71.7
1789	71.9
1815	72
1841	72.2
1868	72.2
1895	72.3
1923	72.3
1951	72.4
1979	72.4
2008	72.4
2037	72.5
2067	72.6
2097	72.7
2127	72.7
2158	72.8
2190	72.9
2221	72.9
2254	73
2287	73.2
2320	73.2
2354	73.2
2388	73.2
2423	73.2
2458	73.2
2494	73.2
2530	73.2
2567	73.2
2604	73.2
2642	73.2
2680	73.1
2719	73.1
2759	73.1
2799	73.2
2840	73.2
2881	73.2
2923	73.3
2965	73.2
3008	73.2
3052	73.2
3097	73
3142	73
3187	72.9
3234	72.7
3281	72.7
3328	72.7
3377	72.6
3426	72.4
3476	72.3
3526	72.2
3578	72.2
3630	72.2
3682	72.2
3736	72.1
3790	71.9
3846	71.9
3901	71.9
3958	71.9
4016	71.8
4074	71.7
4133	71.6
4194	71.7
4255	71.7
4316	71.7
4379	71.8
4443	71.8
4508	72
4573	72
4640	72
4707	71.9
4776	72
4845	72
4916	72.1
4987	72.2
5060	72.3
5133	72.3
5208	72.3
5284	72.3
5360	72.2
5438	72.1
5518	71.9
5598	71.7
5679	71.6
5762	71.4
5846	71.2
5931	71
6017	70.8
6104	70.8
6193	70.7
6283	70.6
6375	70.6
6467	70.7
6561	70.9
6657	71.2
6754	71.4
6852	71.7
6952	71.9
7053	72
7155	72.1
7259	72.2
7365	72.3
7472	72.5
7581	72.7
7691	72.9
7803	73.1
7916	73.1
8032	73
8148	72.7
8267	72.2
8387	71.7
8509	71.1
8633	70.6
8758	70
8886	69.5
9015	69.2
9146	69
9279	68.8
9414	68.6
9551	68.5
9690	68.3
9831	68.2
9974	68.1
10119	68
10266	67.9
10416	67.9
10567	67.9
10721	67.8
10877	67.8
11035	67.8
11196	67.7
11358	67.6
11524	67.6
11691	67.6
11861	67.6
12034	67.7
12209	67.7
12386	67.7
12567	67.6
12749	67.5
12935	67.4
13123	67.3
13314	67.1
13507	67
13704	67
13903	67
14105	66.9
14311	66.8
14519	66.9
14730	66.9
14944	67.1
15162	67.3
15382	67.6
15606	67.6
15833	67.2
16063	66.7
16297	66.2
16534	65.7
16774	65.3
17018	64.9
17266	64.6
17517	64.4
17772	64.1
18030	63.9
18293	63.6
18559	63.3
18829	62.9
19102	62.4
19380	61.8
20000	61.4
overall dB	94.8 dB
decay	Average
averaging	1/12 Octave
source	Headset Microphone 1 Low Range
latitude	0
longitude	0
saved	2024/08/05 22:23
peak	16.1Hz
