FFT	AudioTools 	v17.5 (101) iPad battery  88%	2024/04/09 20:48	Headset Microphone 1 Low Range	EB05A3E2-10AC-49FE-A287-06AC06EBE5AD
Frequency	dB	Unweighted
19.5	75.5
19.8	75.5
20.1	75.5
20.3	75.6
20.6	75.6
20.9	75.7
21.2	75.9
21.6	76
21.9	76
22.2	76.1
22.5	76.1
22.8	76.1
23.2	76
23.5	75.9
23.8	75.7
24.2	75.6
24.5	75.5
24.9	75.5
25.3	75.4
25.6	75.5
26	75.5
26.4	75.5
26.8	75.4
27.2	75.3
27.5	75.2
28	75.1
28.4	75.1
28.8	75.1
29.2	75.1
29.6	75.1
30	75.2
30.5	75.2
30.9	75.2
31.4	75.2
31.8	75.1
32.3	75
32.8	74.9
33.2	74.8
33.7	74.7
34.2	74.5
34.7	74.4
35.2	74.2
35.7	74.1
36.2	74.1
36.8	74.1
37.3	74.1
37.9	74.2
38.4	74.2
39	74.2
39.5	74.1
40.1	74
40.7	73.7
41.3	73.5
41.9	73.4
42.5	73.4
43.1	73.5
43.7	73.7
44.4	73.8
45	73.8
45.7	73.5
46.3	73.1
47	72.6
47.7	72.3
48.4	72.1
49.1	72.1
49.8	72.1
50.5	72.1
51.3	72
52	71.8
52.8	71.7
53.5	71.7
54.3	71.7
55.1	71.6
55.9	71.4
56.7	71.3
57.5	71.2
58.4	71.1
59.2	71.2
60.1	71.4
61	71.5
61.8	71.3
62.7	70.9
63.7	70.5
64.6	70.4
65.5	70.3
66.5	70.2
67.4	70.1
68.4	70.3
69.4	70.5
70.4	70.5
71.5	70.2
72.5	69.8
73.5	69.2
74.6	68.8
75.7	68.7
76.8	68.7
77.9	68.7
79.1	68.6
80.2	68.6
81.4	68.5
82.6	68.3
83.8	68.1
85	67.9
86.2	67.9
87.5	67.9
88.7	67.9
90	67.6
91.3	67.5
92.7	67.4
94	67.2
95.4	67.3
96.8	67.3
98.2	67
99.6	66.8
101	66.7
103	66.7
104	66.6
106	66.5
107	66.3
109	66.1
110	66
112	66.1
113	66.2
115	66.3
117	66
118	65.9
120	65.9
122	66
124	65.8
125	65.6
127	65.3
129	65
131	64.6
133	64.3
135	64.1
137	64
139	63.7
141	63.5
143	63.5
145	63.6
147	63.7
149	63.5
151	63.5
154	63.5
156	63.3
158	62.8
160	62.5
163	62.5
165	62.3
168	62
170	61.8
172	62
175	61.8
177	61.6
180	61.8
183	62.2
185	62.4
188	62.1
191	61.7
194	61.6
196	61.7
199	61.4
202	60.9
205	60.7
208	60.8
211	61
214	60.9
217	60.8
220	60.7
224	60.5
227	60.1
230	60
234	60.2
237	60.4
240	60.4
244	60.2
247	60
251	59.8
255	59.7
258	59.5
262	59.4
266	59.1
270	59
274	59.2
278	59.3
282	59.3
286	59.2
290	59
294	59
298	59
303	59
307	59.2
312	59.2
316	59.1
321	59.3
325	59.2
330	59
335	58.7
340	58.3
345	58
350	58
355	58
360	57.8
365	58
371	58.1
376	58.1
382	58.1
387	58
393	57.8
398	57.6
404	57.7
410	57.7
416	57.8
422	57.8
428	57.7
434	57.8
441	57.6
447	57.6
454	57.7
460	57.8
467	57.7
474	57.7
481	57.8
488	57.8
495	57.6
502	57.7
509	57.9
517	57.9
524	57.8
532	57.7
540	57.5
547	57.6
555	57.8
563	58
572	58
580	57.8
588	57.6
597	57.4
606	57.3
614	57.2
623	57.3
632	57.5
642	57.4
651	57.5
660	57.6
670	57.5
680	57.6
690	57.7
700	57.6
710	57.6
720	57.7
731	57.7
741	57.8
752	57.8
763	57.8
774	57.9
785	58.1
797	58.1
808	57.9
820	57.9
832	58.2
844	58.2
856	58.2
869	58.2
882	58.2
894	58.4
907	58.6
921	58.6
934	58.7
948	58.8
961	58.9
975	58.9
990	58.8
1004	58.7
1019	58.8
1033	59
1048	59.1
1064	59.3
1079	59.5
1095	59.7
1111	59.6
1127	59.7
1143	59.9
1160	60.2
1177	60.4
1194	60.5
1211	60.5
1229	60.6
1247	60.7
1265	60.8
1283	60.9
1302	61.1
1321	61.1
1340	61
1360	61.2
1379	61.3
1399	61.3
1420	61.5
1440	61.9
1461	61.9
1483	62
1504	62.2
1526	62.3
1548	62.2
1571	62.4
1594	62.6
1617	62.6
1640	62.5
1664	62.4
1688	62.5
1713	62.6
1738	62.7
1763	62.9
1789	62.9
1815	63.1
1841	63.3
1868	63.5
1895	63.8
1923	63.9
1951	63.8
1979	63.8
2008	64.2
2037	64.5
2067	64.5
2097	64.5
2127	64.7
2158	64.8
2190	64.8
2221	65
2254	65.2
2287	65.3
2320	65.4
2354	65.7
2388	65.8
2423	65.9
2458	66
2494	66
2530	66.2
2567	66.4
2604	66.4
2642	66.6
2680	66.6
2719	66.6
2759	66.7
2799	66.7
2840	66.6
2881	66.6
2923	66.7
2965	66.7
3008	66.7
3052	66.7
3097	66.6
3142	66.6
3187	66.5
3234	66.4
3281	66.3
3328	66.3
3377	66.1
3426	66
3476	65.9
3526	65.7
3578	65.5
3630	65.2
3682	65
3736	64.8
3790	64.5
3846	64.3
3901	63.9
3958	63.5
4016	63.2
4074	62.6
4133	62.3
4194	62.1
4255	62.1
4316	62.3
4379	62.6
4443	63.2
4508	63.8
4573	64.4
4640	65
4707	65.4
4776	65.8
4845	66.1
4916	66.3
4987	66.4
5060	66.3
5133	66.2
5208	66
5284	65.9
5360	65.7
5438	65.3
5518	64.9
5598	64.6
5679	64.4
5762	64
5846	63.6
5931	63.3
6017	63.1
6104	63
6193	62.9
6283	62.7
6375	62.6
6467	62.7
6561	62.9
6657	63
6754	63.2
6852	63.5
6952	63.8
7053	64.1
7155	64.4
7259	64.6
7365	64.7
7472	64.5
7581	64
7691	63.4
7803	62.6
7916	61.8
8032	61.1
8148	60.6
8267	60.2
8387	59.9
8509	59.6
8633	59.5
8758	59.4
8886	59.3
9015	59.1
9146	59
9279	58.9
9414	58.7
9551	58.6
9690	58.5
9831	58.4
9974	58.4
10119	58.4
10266	58.4
10416	58.5
10567	58.7
10721	59
10877	59.2
11035	59.4
11196	59.5
11358	59.6
11524	59.6
11691	59.5
11861	59.4
12034	59.2
12209	58.9
12386	58.7
12567	58.5
12749	58.4
12935	58.4
13123	58.6
13314	58.7
13507	58.7
13704	58.6
13903	58.3
14105	57.6
14311	56.8
14519	55.9
14730	55.2
14944	54.5
15162	54
15382	53.5
15606	53.1
15833	52.7
16063	52.3
16297	52.2
16534	52.3
16774	52.6
17018	53.2
17266	53.9
17517	54.3
17772	54.1
18030	53.3
18293	52.3
18559	51.4
18829	50.6
19102	49.8
19380	49
20000	48.3
overall dB	94.1 dB
decay	Average
averaging	1/12 Octave
source	Headset Microphone 1 Low Range
latitude	0
longitude	0
saved	2024/04/09 20:48
peak	16.1Hz
