FFT	AudioTools 	v17.4 (100) iPad battery 100%	2024/03/29 22:24	Headset Microphone 1 Low Range	EB05A3E2-10AC-49FE-A287-06AC06EBE5AD
Frequency	dB	Unweighted
19.5	71.2
19.8	71.2
20.1	71.3
20.3	71.3
20.6	71.3
20.9	71.4
21.2	71.4
21.6	71.5
21.9	71.5
22.2	71.6
22.5	71.6
22.8	71.6
23.2	71.5
23.5	71.5
23.8	71.5
24.2	71.4
24.5	71.4
24.9	71.4
25.3	71.4
25.6	71.4
26	71.4
26.4	71.5
26.8	71.5
27.2	71.5
27.5	71.5
28	71.5
28.4	71.5
28.8	71.5
29.2	71.5
29.6	71.5
30	71.5
30.5	71.5
30.9	71.5
31.4	71.5
31.8	71.5
32.3	71.5
32.8	71.5
33.2	71.4
33.7	71.4
34.2	71.4
34.7	71.4
35.2	71.4
35.7	71.3
36.2	71.3
36.8	71.3
37.3	71.3
37.9	71.3
38.4	71.3
39	71.4
39.5	71.3
40.1	71.2
40.7	71
41.3	70.8
41.9	70.7
42.5	70.7
43.1	70.8
43.7	71
44.4	71.1
45	71.2
45.7	71.1
46.3	70.9
47	70.7
47.7	70.6
48.4	70.5
49.1	70.5
49.8	70.5
50.5	70.5
51.3	70.4
52	70.3
52.8	70.2
53.5	70.2
54.3	70.1
55.1	70
55.9	69.8
56.7	69.8
57.5	69.8
58.4	69.8
59.2	69.9
60.1	70
61	70.1
61.8	70.1
62.7	70
63.7	69.8
64.6	69.8
65.5	69.8
66.5	69.7
67.4	69.6
68.4	69.5
69.4	69.5
70.4	69.4
71.5	69.3
72.5	69.2
73.5	69
74.6	68.9
75.7	68.8
76.8	68.8
77.9	68.8
79.1	68.8
80.2	68.7
81.4	68.6
82.6	68.4
83.8	68.3
85	68.2
86.2	68.2
87.5	68.3
88.7	68.2
90	68
91.3	67.9
92.7	67.9
94	67.8
95.4	67.8
96.8	67.8
98.2	67.8
99.6	67.7
101	67.6
103	67.6
104	67.5
106	67.4
107	67.3
109	67.3
110	67.3
112	67.3
113	67.1
115	66.9
117	66.9
118	67
120	67.3
122	67.7
124	67.7
125	67.5
127	67.5
129	67.7
131	67.7
133	67.6
135	67.4
137	67.3
139	67.2
141	67.2
143	67.2
145	67.2
147	67.1
149	67.1
151	67.1
154	67.2
156	67.2
158	67
160	66.7
163	66.6
165	66.4
168	66.1
170	66
172	66
175	66
177	66
180	66
183	66.2
185	66.3
188	66.1
191	66
194	66
196	66.1
199	66.1
202	65.8
205	65.6
208	65.6
211	65.7
214	65.6
217	65.5
220	65.4
224	65.3
227	65.3
230	65.3
234	65.5
237	65.6
240	65.5
244	65.3
247	65.2
251	65.2
255	65.1
258	65
262	65
266	65
270	64.9
274	64.9
278	65
282	65
286	64.9
290	64.8
294	64.8
298	64.9
303	65
307	65.1
312	65.1
316	65
321	65
325	65
330	65
335	65
340	64.8
345	64.6
350	64.5
355	64.6
360	64.5
365	64.5
371	64.6
376	64.6
382	64.6
387	64.6
393	64.6
398	64.6
404	64.8
410	64.7
416	64.7
422	64.7
428	64.7
434	64.7
441	64.7
447	64.6
454	64.6
460	64.6
467	64.5
474	64.4
481	64.4
488	64.4
495	64.3
502	64.5
509	64.6
517	64.7
524	64.7
532	64.6
540	64.5
547	64.6
555	64.6
563	64.9
572	64.9
580	64.8
588	64.7
597	64.7
606	64.7
614	64.6
623	64.6
632	64.6
642	64.6
651	64.7
660	64.8
670	64.8
680	64.8
690	64.8
700	64.9
710	64.9
720	65.1
731	65.3
741	65.3
752	65.3
763	65.2
774	65.3
785	65.4
797	65.3
808	65.3
820	65.4
832	65.6
844	65.6
856	65.7
869	65.7
882	65.7
894	65.8
907	66
921	66.1
934	66.2
948	66.3
961	66.4
975	66.4
990	66.3
1004	66.4
1019	66.5
1033	66.7
1048	66.8
1064	67
1079	67.2
1095	67.3
1111	67.3
1127	67.4
1143	67.5
1160	67.6
1177	67.9
1194	67.9
1211	68
1229	68.1
1247	68.2
1265	68.3
1283	68.4
1302	68.4
1321	68.4
1340	68.3
1360	68.4
1379	68.6
1399	68.6
1420	68.6
1440	68.6
1461	68.6
1483	68.5
1504	68.4
1526	68.4
1548	68.5
1571	68.5
1594	68.4
1617	68.4
1640	68.3
1664	68.3
1688	68.4
1713	68.5
1738	68.7
1763	68.8
1789	68.9
1815	69
1841	69.1
1868	69.3
1895	69.5
1923	69.6
1951	69.7
1979	69.8
2008	69.9
2037	70.1
2067	70.2
2097	70.3
2127	70.5
2158	70.5
2190	70.6
2221	70.8
2254	70.9
2287	71
2320	71.2
2354	71.4
2388	71.5
2423	71.5
2458	71.6
2494	71.8
2530	71.9
2567	72
2604	72.1
2642	72.3
2680	72.5
2719	72.6
2759	72.8
2799	73.1
2840	73.3
2881	73.6
2923	73.9
2965	74.1
3008	74.3
3052	74.5
3097	74.5
3142	74.5
3187	74.6
3234	74.5
3281	74.6
3328	74.5
3377	74.4
3426	74.3
3476	74.2
3526	74.1
3578	73.9
3630	73.7
3682	73.6
3736	73.5
3790	73.3
3846	73.1
3901	73
3958	72.8
4016	72.7
4074	72.5
4133	72.3
4194	72.2
4255	71.9
4316	71.7
4379	71.5
4443	71.3
4508	71.1
4573	71
4640	70.9
4707	70.7
4776	70.6
4845	70.4
4916	70.3
4987	70.1
5060	70
5133	69.9
5208	69.8
5284	69.7
5360	69.5
5438	69.4
5518	69.2
5598	69.2
5679	69.1
5762	68.9
5846	68.9
5931	68.8
6017	68.7
6104	68.7
6193	68.7
6283	68.7
6375	68.7
6467	68.8
6561	68.8
6657	68.8
6754	69
6852	69.1
6952	69.3
7053	69.5
7155	69.7
7259	70
7365	70.4
7472	70.7
7581	71.1
7691	71.5
7803	71.8
7916	72
8032	72.1
8148	72.1
8267	71.9
8387	71.5
8509	70.9
8633	70.2
8758	69.5
8886	68.8
9015	68.1
9146	67.4
9279	66.7
9414	66.1
9551	65.7
9690	65.2
9831	64.8
9974	64.4
10119	64.1
10266	63.9
10416	63.8
10567	63.6
10721	63.5
10877	63.3
11035	63.2
11196	63.1
11358	63
11524	62.9
11691	62.8
11861	62.7
12034	62.7
12209	62.6
12386	62.6
12567	62.5
12749	62.5
12935	62.5
13123	62.6
13314	62.7
13507	62.8
13704	63.1
13903	63.3
14105	63.7
14311	64.4
14519	65.2
14730	66.3
14944	67.5
15162	68.5
15382	68.5
15606	67.7
15833	66.5
16063	65.4
16297	64.3
16534	63.3
16774	62.6
17018	62
17266	61.5
17517	61
17772	60.6
18030	60
18293	59.3
18559	58.5
18829	57.6
19102	56.6
19380	55.7
20000	55
overall dB	93.9 dB
decay	Average
averaging	1/12 Octave
source	Headset Microphone 1 Low Range
latitude	0
longitude	0
saved	2024/03/29 22:24
peak	16.1Hz
