FFT	AudioTools 	v17.4 (100) iPad battery  86%	2024/03/08 12:04	Headset Microphone 1 Low Range	EB05A3E2-10AC-49FE-A287-06AC06EBE5AD
Frequency	dB	Unweighted
19.5	70.9
19.8	70.9
20.1	70.9
20.3	70.9
20.6	70.8
20.9	70.7
21.2	70.7
21.6	70.7
21.9	70.6
22.2	70.6
22.5	70.6
22.8	70.6
23.2	70.6
23.5	70.6
23.8	70.7
24.2	70.7
24.5	70.7
24.9	70.7
25.3	70.8
25.6	70.8
26	70.8
26.4	70.9
26.8	70.9
27.2	70.9
27.5	70.9
28	70.9
28.4	71
28.8	71
29.2	71.1
29.6	71.1
30	71.2
30.5	71.2
30.9	71.2
31.4	71.2
31.8	71.1
32.3	71
32.8	71
33.2	70.9
33.7	70.9
34.2	70.8
34.7	70.8
35.2	70.7
35.7	70.7
36.2	70.7
36.8	70.7
37.3	70.7
37.9	70.7
38.4	70.7
39	70.8
39.5	70.8
40.1	70.8
40.7	70.7
41.3	70.6
41.9	70.6
42.5	70.6
43.1	70.6
43.7	70.7
44.4	70.7
45	70.7
45.7	70.7
46.3	70.6
47	70.6
47.7	70.4
48.4	70.3
49.1	70.1
49.8	69.9
50.5	69.8
51.3	69.7
52	69.7
52.8	69.7
53.5	69.7
54.3	69.6
55.1	69.5
55.9	69.4
56.7	69.4
57.5	69.4
58.4	69.4
59.2	69.4
60.1	69.5
61	69.4
61.8	69.2
62.7	68.9
63.7	68.7
64.6	68.7
65.5	68.7
66.5	68.8
67.4	68.8
68.4	68.8
69.4	68.6
70.4	68.5
71.5	68.5
72.5	68.5
73.5	68.4
74.6	68.4
75.7	68.5
76.8	68.5
77.9	68.5
79.1	68.5
80.2	68.6
81.4	68.7
82.6	68.6
83.8	68.6
85	68.5
86.2	68.5
87.5	68.5
88.7	68.5
90	68.7
91.3	68.7
92.7	68.5
94	68.3
95.4	68.2
96.8	68.1
98.2	67.9
99.6	68
101	68
103	67.9
104	67.9
106	68
107	67.9
109	67.8
110	67.7
112	67.7
113	67.8
115	67.9
117	67.8
118	67.6
120	67.4
122	67.6
124	67.7
125	67.7
127	67.4
129	67.2
131	67.2
133	67.3
135	67.3
137	67.1
139	67.1
141	67.2
143	67.2
145	67.1
147	66.9
149	66.7
151	66.7
154	66.8
156	66.7
158	66.6
160	66.5
163	66.4
165	66.4
168	66.3
170	66.2
172	66.2
175	66.2
177	66.1
180	66
183	66
185	65.9
188	65.8
191	65.8
194	65.9
196	65.9
199	65.8
202	65.8
205	65.8
208	65.7
211	65.7
214	65.6
217	65.6
220	65.5
224	65.4
227	65.3
230	65.2
234	65
237	64.9
240	64.9
244	64.9
247	64.9
251	64.7
255	64.4
258	64.3
262	64.3
266	64.2
270	64.1
274	64.2
278	64.2
282	64.2
286	64.2
290	64.2
294	64.3
298	64.2
303	64
307	63.9
312	63.8
316	63.8
321	63.8
325	63.8
330	63.8
335	63.6
340	63.5
345	63.5
350	63.5
355	63.5
360	63.4
365	63.4
371	63.3
376	63.3
382	63.3
387	63.2
393	63.1
398	63
404	63
410	63
416	63
422	63
428	63
434	63
441	62.9
447	62.8
454	62.7
460	62.7
467	62.7
474	62.7
481	62.6
488	62.6
495	62.6
502	62.6
509	62.7
517	62.8
524	62.7
532	62.6
540	62.6
547	62.6
555	62.6
563	62.6
572	62.5
580	62.5
588	62.4
597	62.3
606	62.3
614	62.4
623	62.3
632	62.3
642	62.3
651	62.3
660	62.2
670	62.1
680	62.1
690	62
700	62.1
710	62
720	62
731	61.9
741	62
752	62.1
763	62.1
774	62
785	62.1
797	62.1
808	62.1
820	62
832	62.1
844	62.1
856	62.2
869	62.2
882	62.2
894	62.2
907	62.3
921	62.3
934	62.4
948	62.4
961	62.4
975	62.5
990	62.5
1004	62.6
1019	62.6
1033	62.8
1048	62.9
1064	62.9
1079	63.1
1095	63.2
1111	63.2
1127	63.2
1143	63.3
1160	63.4
1177	63.6
1194	63.7
1211	63.8
1229	63.8
1247	63.8
1265	63.9
1283	64
1302	64
1321	64
1340	64.1
1360	64.2
1379	64.2
1399	64.3
1420	64.3
1440	64.3
1461	64.4
1483	64.4
1504	64.5
1526	64.5
1548	64.5
1571	64.5
1594	64.5
1617	64.6
1640	64.6
1664	64.6
1688	64.6
1713	64.7
1738	64.7
1763	64.8
1789	64.8
1815	64.9
1841	65
1868	65
1895	65
1923	65
1951	65.1
1979	65.2
2008	65.3
2037	65.4
2067	65.5
2097	65.6
2127	65.6
2158	65.7
2190	65.8
2221	65.8
2254	65.9
2287	66
2320	66.2
2354	66.3
2388	66.4
2423	66.4
2458	66.5
2494	66.7
2530	66.7
2567	66.9
2604	67
2642	67.1
2680	67.2
2719	67.3
2759	67.4
2799	67.5
2840	67.6
2881	67.7
2923	67.9
2965	68
3008	68.1
3052	68.1
3097	68.2
3142	68.2
3187	68.3
3234	68.3
3281	68.3
3328	68.4
3377	68.4
3426	68.4
3476	68.4
3526	68.5
3578	68.4
3630	68.4
3682	68.3
3736	68.1
3790	67.9
3846	67.6
3901	67.3
3958	67
4016	66.7
4074	66.3
4133	65.9
4194	65.6
4255	65.1
4316	64.8
4379	64.6
4443	64.4
4508	64.3
4573	64.3
4640	64.4
4707	64.6
4776	64.8
4845	65.1
4916	65.4
4987	65.7
5060	66
5133	66.2
5208	66.4
5284	66.4
5360	66.4
5438	66.3
5518	66.1
5598	65.8
5679	65.5
5762	65.2
5846	64.8
5931	64.5
6017	64.2
6104	63.9
6193	63.7
6283	63.5
6375	63.3
6467	63.2
6561	63.2
6657	63.3
6754	63.5
6852	63.7
6952	64
7053	64.4
7155	64.9
7259	65.5
7365	66.1
7472	66.6
7581	67
7691	67.1
7803	67
7916	66.7
8032	66.3
8148	65.8
8267	65.2
8387	64.6
8509	64
8633	63.6
8758	63.2
8886	63
9015	62.8
9146	62.8
9279	62.8
9414	62.9
9551	63
9690	63
9831	63.1
9974	63
10119	62.9
10266	62.7
10416	62.5
10567	62.3
10721	62
10877	61.9
11035	61.9
11196	62
11358	62.2
11524	62.4
11691	62.8
11861	63.3
12034	63.8
12209	64.3
12386	64.7
12567	64.9
12749	64.8
12935	64.4
13123	63.9
13314	63.2
13507	62.6
13704	62
13903	61.5
14105	61.1
14311	60.8
14519	60.7
14730	60.7
14944	60.8
15162	61
15382	61.3
15606	61.4
15833	61.3
16063	61
16297	60.6
16534	60.3
16774	60.1
17018	59.9
17266	59.8
17517	59.5
17772	58.9
18030	57.8
18293	56.5
18559	54.9
18829	53.3
19102	51.8
19380	50.3
20000	49.3
overall dB	92.1 dB
decay	Average
averaging	1/12 Octave
source	Headset Microphone 1 Low Range
latitude	0
longitude	0
saved	2024/03/08 12:04
peak	19.0Hz
