FFT	AudioTools 	v17.9 (4) iPad battery  88%	2024/05/26 14:14	Headset Microphone 1 Low Range	EB05A3E2-10AC-49FE-A287-06AC06EBE5AD
Frequency	dB	Unweighted
19.5	69.6
19.8	69.6
20.1	69.6
20.3	69.5
20.6	69.6
20.9	69.6
21.2	69.6
21.6	69.7
21.9	69.8
22.2	69.9
22.5	70
22.8	70.1
23.2	70.1
23.5	70.2
23.8	70.3
24.2	70.3
24.5	70.4
24.9	70.4
25.3	70.5
25.6	70.5
26	70.6
26.4	70.6
26.8	70.6
27.2	70.7
27.5	70.7
28	70.7
28.4	70.7
28.8	70.7
29.2	70.7
29.6	70.7
30	70.7
30.5	70.7
30.9	70.6
31.4	70.6
31.8	70.5
32.3	70.5
32.8	70.4
33.2	70.3
33.7	70.3
34.2	70.3
34.7	70.4
35.2	70.5
35.7	70.7
36.2	70.8
36.8	70.9
37.3	70.9
37.9	71
38.4	71.1
39	71.2
39.5	71.2
40.1	71.1
40.7	70.9
41.3	70.7
41.9	70.5
42.5	70.5
43.1	70.5
43.7	70.7
44.4	70.7
45	70.7
45.7	70.7
46.3	70.6
47	70.5
47.7	70.5
48.4	70.5
49.1	70.5
49.8	70.6
50.5	70.7
51.3	70.7
52	70.6
52.8	70.4
53.5	70.3
54.3	70.1
55.1	69.9
55.9	69.8
56.7	69.8
57.5	69.8
58.4	69.7
59.2	69.8
60.1	69.8
61	69.8
61.8	69.6
62.7	69.4
63.7	69.4
64.6	69.4
65.5	69.5
66.5	69.5
67.4	69.5
68.4	69.5
69.4	69.5
70.4	69.4
71.5	69.3
72.5	69.1
73.5	68.9
74.6	68.9
75.7	68.9
76.8	69
77.9	69.1
79.1	69.2
80.2	69
81.4	68.7
82.6	68.4
83.8	68.2
85	68.3
86.2	68.4
87.5	68.4
88.7	68.4
90	68.2
91.3	68.1
92.7	68.1
94	68.1
95.4	68
96.8	68
98.2	67.9
99.6	67.9
101	67.9
103	67.9
104	68
106	68.1
107	68.1
109	67.9
110	67.8
112	67.6
113	67.5
115	67.4
117	67.4
118	67.4
120	67.4
122	67.4
124	67.2
125	67
127	66.9
129	66.7
131	66.5
133	66.5
135	66.5
137	66.5
139	66.4
141	66.5
143	66.7
145	66.6
147	66.5
149	66.7
151	66.9
154	66.9
156	66.7
158	66.5
160	66.2
163	66
165	65.8
168	65.7
170	65.8
172	66
175	66
177	65.8
180	65.6
183	65.4
185	65.3
188	65.3
191	65.2
194	65.2
196	65.2
199	65.2
202	65.2
205	65.1
208	64.9
211	65
214	65.2
217	65
220	64.8
224	64.7
227	64.6
230	64.5
234	64.6
237	64.7
240	64.8
244	64.9
247	65.1
251	65.2
255	65.1
258	64.8
262	64.8
266	64.8
270	64.6
274	64.4
278	64.3
282	64.3
286	64.2
290	64.3
294	64.5
298	64.4
303	64.3
307	64.3
312	64.3
316	64.3
321	64.2
325	64.1
330	64.1
335	64.2
340	64.3
345	64.2
350	64.2
355	64
360	63.9
365	63.9
371	64
376	64.1
382	64.2
387	64.1
393	64
398	63.9
404	63.8
410	63.9
416	64.1
422	64.1
428	64.2
434	64.2
441	64
447	63.9
454	63.8
460	63.7
467	63.8
474	63.7
481	63.7
488	63.7
495	63.7
502	63.7
509	63.8
517	64
524	64
532	63.9
540	63.9
547	63.9
555	63.9
563	63.8
572	63.8
580	63.9
588	63.9
597	63.8
606	63.8
614	63.9
623	63.8
632	63.9
642	63.9
651	63.9
660	63.8
670	63.7
680	63.7
690	63.8
700	64
710	64
720	63.9
731	63.9
741	64
752	64
763	64
774	64
785	64.1
797	64.1
808	64
820	64.2
832	64.4
844	64.5
856	64.7
869	64.7
882	64.8
894	64.8
907	64.9
921	65.1
934	65.2
948	65.2
961	65.3
975	65.3
990	65.3
1004	65.3
1019	65.4
1033	65.6
1048	65.8
1064	65.9
1079	66.1
1095	66.2
1111	66.1
1127	66.2
1143	66.3
1160	66.4
1177	66.6
1194	66.7
1211	66.8
1229	66.9
1247	67
1265	67.1
1283	67.2
1302	67.3
1321	67.4
1340	67.4
1360	67.7
1379	67.9
1399	68.1
1420	68.1
1440	68.1
1461	68.3
1483	68.4
1504	68.6
1526	68.6
1548	68.7
1571	68.8
1594	68.9
1617	69
1640	69
1664	69.2
1688	69.3
1713	69.3
1738	69.4
1763	69.6
1789	69.7
1815	70
1841	70.1
1868	70.1
1895	70.1
1923	70.3
1951	70.5
1979	70.6
2008	70.8
2037	71
2067	71.2
2097	71.3
2127	71.5
2158	71.6
2190	71.7
2221	71.7
2254	71.9
2287	72.1
2320	72.3
2354	72.5
2388	72.6
2423	72.7
2458	72.8
2494	72.9
2530	73
2567	73.1
2604	73.3
2642	73.4
2680	73.4
2719	73.5
2759	73.5
2799	73.5
2840	73.5
2881	73.6
2923	73.7
2965	73.6
3008	73.6
3052	73.7
3097	73.6
3142	73.6
3187	73.5
3234	73.4
3281	73.4
3328	73.4
3377	73.3
3426	73.1
3476	73
3526	73
3578	72.9
3630	72.7
3682	72.6
3736	72.5
3790	72.4
3846	72.3
3901	72.2
3958	72.2
4016	72.1
4074	71.9
4133	71.8
4194	71.7
4255	71.6
4316	71.5
4379	71.5
4443	71.4
4508	71.3
4573	71.3
4640	71.2
4707	71.1
4776	71
4845	70.9
4916	70.8
4987	70.7
5060	70.6
5133	70.6
5208	70.5
5284	70.4
5360	70.4
5438	70.3
5518	70.2
5598	70.1
5679	70
5762	69.8
5846	69.6
5931	69.5
6017	69.5
6104	69.4
6193	69.2
6283	69.1
6375	69
6467	69
6561	68.8
6657	68.8
6754	68.8
6852	68.8
6952	68.9
7053	69
7155	69.1
7259	69.2
7365	69.3
7472	69.4
7581	69.6
7691	69.8
7803	70
7916	70.1
8032	70.1
8148	70.1
8267	70
8387	69.7
8509	69.3
8633	68.6
8758	67.6
8886	66.5
9015	65.4
9146	64.6
9279	63.8
9414	63.1
9551	62.5
9690	62
9831	61.6
9974	61.1
10119	60.9
10266	60.7
10416	60.6
10567	60.5
10721	60.6
10877	60.7
11035	60.8
11196	60.9
11358	60.8
11524	60.6
11691	60.4
11861	60.3
12034	60.1
12209	60
12386	59.9
12567	59.8
12749	59.7
12935	59.6
13123	59.7
13314	59.7
13507	59.9
13704	60.2
13903	60.5
14105	61.1
14311	62.1
14519	63.7
14730	65.7
14944	67.5
15162	68.1
15382	66.5
15606	65
15833	63.6
16063	62.4
16297	61.4
16534	60.7
16774	60.2
17018	59.8
17266	59.3
17517	58.9
17772	58.3
18030	57.7
18293	57
18559	56.2
18829	55.4
19102	54.5
19380	53.7
20000	53.1
overall dB	93.4 dB
decay	Average
averaging	1/12 Octave
source	Headset Microphone 1 Low Range
latitude	0
longitude	0
saved	2024/05/26 14:14
peak	16.1Hz
