FFT	AudioTools 	v17.10 (4) iPad battery  99%	2024/07/04 13:39	Headset Microphone 1 Low Range	EB05A3E2-10AC-49FE-A287-06AC06EBE5AD
Frequency	dB	Unweighted
19.5	70.6
19.8	70.6
20.1	70.7
20.3	70.7
20.6	70.8
20.9	70.8
21.2	70.9
21.6	71
21.9	71
22.2	71
22.5	71.1
22.8	71.1
23.2	71.1
23.5	71.1
23.8	71.1
24.2	71.1
24.5	71.1
24.9	71.2
25.3	71.2
25.6	71.3
26	71.4
26.4	71.4
26.8	71.4
27.2	71.5
27.5	71.5
28	71.5
28.4	71.6
28.8	71.6
29.2	71.7
29.6	71.8
30	71.9
30.5	71.9
30.9	72
31.4	72
31.8	72
32.3	72
32.8	72
33.2	72
33.7	72
34.2	71.9
34.7	71.8
35.2	71.7
35.7	71.6
36.2	71.5
36.8	71.4
37.3	71.4
37.9	71.5
38.4	71.6
39	71.6
39.5	71.7
40.1	71.7
40.7	71.6
41.3	71.6
41.9	71.5
42.5	71.5
43.1	71.5
43.7	71.6
44.4	71.6
45	71.5
45.7	71.3
46.3	71.1
47	70.9
47.7	70.8
48.4	70.8
49.1	70.8
49.8	70.8
50.5	70.8
51.3	70.8
52	70.7
52.8	70.5
53.5	70.3
54.3	70.1
55.1	69.9
55.9	69.9
56.7	69.9
57.5	70.1
58.4	70.2
59.2	70.2
60.1	70.3
61	70.3
61.8	70.2
62.7	70.1
63.7	69.9
64.6	69.7
65.5	69.8
66.5	69.9
67.4	69.9
68.4	70
69.4	69.9
70.4	69.9
71.5	69.7
72.5	69.6
73.5	69.4
74.6	69.4
75.7	69.3
76.8	69.3
77.9	69.3
79.1	69.3
80.2	69.3
81.4	69.3
82.6	69.3
83.8	69
85	68.6
86.2	68.4
87.5	68.4
88.7	68.5
90	68.6
91.3	68.6
92.7	68.7
94	68.8
95.4	68.8
96.8	68.8
98.2	68.8
99.6	68.7
101	68.6
103	68.5
104	68.3
106	68.2
107	68.1
109	68
110	67.9
112	67.9
113	67.8
115	67.8
117	67.9
118	67.9
120	67.8
122	67.8
124	67.8
125	67.5
127	67.2
129	67.1
131	67.1
133	67.1
135	67
137	66.9
139	66.8
141	66.8
143	66.9
145	66.8
147	66.6
149	66.5
151	66.7
154	66.8
156	66.8
158	66.5
160	66.3
163	66.2
165	66.1
168	66
170	65.9
172	65.7
175	65.6
177	65.6
180	65.6
183	65.5
185	65.5
188	65.4
191	65.3
194	65
196	64.9
199	65.2
202	65.5
205	65.2
208	64.9
211	64.9
214	65.2
217	65.1
220	64.8
224	64.6
227	64.6
230	64.5
234	64.6
237	64.6
240	64.6
244	64.7
247	64.8
251	64.8
255	64.7
258	64.6
262	64.6
266	64.5
270	64.3
274	64.2
278	64.1
282	64.2
286	64.1
290	64
294	64.1
298	64.1
303	63.9
307	64
312	64
316	63.9
321	63.8
325	63.8
330	63.7
335	63.6
340	63.6
345	63.7
350	63.7
355	63.7
360	63.7
365	63.6
371	63.5
376	63.6
382	63.6
387	63.5
393	63.4
398	63.3
404	63.4
410	63.3
416	63.3
422	63.3
428	63.3
434	63.4
441	63.4
447	63.3
454	63.1
460	63
467	62.9
474	62.8
481	62.7
488	62.7
495	62.7
502	62.5
509	62.7
517	62.7
524	62.7
532	62.7
540	62.5
547	62.7
555	62.9
563	62.8
572	62.8
580	62.6
588	62.5
597	62.4
606	62.4
614	62.4
623	62.4
632	62.3
642	62.4
651	62.3
660	62.2
670	62.1
680	62.1
690	62.1
700	62.2
710	62.3
720	62.2
731	62.2
741	62.2
752	62.3
763	62.3
774	62.2
785	62.2
797	62.3
808	62.2
820	62.3
832	62.3
844	62.4
856	62.5
869	62.5
882	62.4
894	62.4
907	62.5
921	62.6
934	62.7
948	62.7
961	62.7
975	62.7
990	62.7
1004	62.8
1019	62.8
1033	62.9
1048	63.2
1064	63.3
1079	63.4
1095	63.6
1111	63.7
1127	63.8
1143	63.9
1160	64
1177	64.5
1194	64.7
1211	64.8
1229	64.9
1247	65.1
1265	65.1
1283	65.3
1302	65.4
1321	65.6
1340	65.6
1360	65.9
1379	66.1
1399	66.3
1420	66.5
1440	66.5
1461	66.5
1483	66.6
1504	66.7
1526	66.8
1548	66.8
1571	66.9
1594	66.9
1617	67.1
1640	67.1
1664	67.1
1688	67.2
1713	67.2
1738	67.2
1763	67.5
1789	67.6
1815	67.7
1841	67.8
1868	67.9
1895	67.9
1923	67.9
1951	68.1
1979	68.1
2008	68.2
2037	68.4
2067	68.6
2097	68.6
2127	68.7
2158	68.9
2190	69
2221	69
2254	69.1
2287	69.3
2320	69.4
2354	69.5
2388	69.7
2423	69.7
2458	69.7
2494	69.9
2530	69.9
2567	70
2604	70.1
2642	70.1
2680	70.1
2719	70
2759	69.9
2799	69.8
2840	69.7
2881	69.5
2923	69.6
2965	69.4
3008	69.3
3052	69.1
3097	68.9
3142	68.7
3187	68.5
3234	68.4
3281	68.3
3328	68.1
3377	68
3426	67.8
3476	67.7
3526	67.7
3578	67.6
3630	67.5
3682	67.5
3736	67.4
3790	67.3
3846	67.4
3901	67.3
3958	67.3
4016	67.3
4074	67.3
4133	67.3
4194	67.3
4255	67.4
4316	67.5
4379	67.6
4443	67.7
4508	67.8
4573	67.9
4640	67.9
4707	67.8
4776	67.7
4845	67.6
4916	67.4
4987	67.2
5060	67.1
5133	66.9
5208	66.8
5284	66.8
5360	66.8
5438	66.9
5518	67.1
5598	67.2
5679	67.4
5762	67.6
5846	67.8
5931	67.9
6017	68.1
6104	68.2
6193	68.2
6283	68.1
6375	67.8
6467	67.7
6561	67.2
6657	66.8
6754	66.5
6852	66.2
6952	65.9
7053	65.6
7155	65.4
7259	65.2
7365	65
7472	64.9
7581	64.9
7691	64.8
7803	64.9
7916	65
8032	65.1
8148	65.1
8267	65.2
8387	65.2
8509	65.3
8633	65.5
8758	65.8
8886	66
9015	66.3
9146	66.5
9279	66.6
9414	66.5
9551	66.4
9690	66.1
9831	65.9
9974	65.6
10119	65.4
10266	65.4
10416	65.4
10567	65.5
10721	65.7
10877	66
11035	66.3
11196	66.6
11358	66.8
11524	66.8
11691	66.7
11861	66.6
12034	66.4
12209	66.4
12386	66.4
12567	66.6
12749	66.7
12935	66.6
13123	66.3
13314	65.9
13507	65.4
13704	64.9
13903	64.6
14105	64.2
14311	63.8
14519	63.6
14730	63.5
14944	63.5
15162	63.6
15382	63.7
15606	63.6
15833	63.4
16063	62.9
16297	62.2
16534	61.4
16774	60.6
17018	59.9
17266	59.3
17517	58.8
17772	58.4
18030	58.2
18293	58.1
18559	58.1
18829	58.1
19102	58
19380	57.9
20000	57.6
overall dB	91.6 dB
decay	Average
averaging	1/24 Octave
source	Headset Microphone 1 Low Range
latitude	0
longitude	0
saved	2024/07/04 13:39
peak	14.6Hz
