FFT	AudioTools 	v17.14 (5) iPad battery  72%	2024/10/28 11:28	Headset Microphone 1 Low Range	EB05A3E2-10AC-49FE-A287-06AC06EBE5AD
Frequency	dB	Unweighted
19.5	68.6
19.8	68.6
20.1	68.6
20.3	68.7
20.6	68.7
20.9	68.8
21.2	68.9
21.6	69
21.9	69.1
22.2	69.1
22.5	69.2
22.8	69.2
23.2	69.3
23.5	69.3
23.8	69.4
24.2	69.4
24.5	69.5
24.9	69.5
25.3	69.6
25.6	69.7
26	69.7
26.4	69.7
26.8	69.8
27.2	69.8
27.5	69.8
28	69.8
28.4	69.8
28.8	69.8
29.2	69.8
29.6	69.9
30	70
30.5	70
30.9	70.1
31.4	70.1
31.8	70.1
32.3	70
32.8	70
33.2	70
33.7	70
34.2	70
34.7	70.1
35.2	70.1
35.7	70.1
36.2	70.1
36.8	70.1
37.3	70.2
37.9	70.2
38.4	70.3
39	70.3
39.5	70.3
40.1	70.2
40.7	70.1
41.3	70
41.9	69.9
42.5	70
43.1	70.1
43.7	70.1
44.4	70.2
45	70.1
45.7	70.1
46.3	70
47	70
47.7	70
48.4	70
49.1	69.9
49.8	69.9
50.5	69.8
51.3	69.8
52	69.8
52.8	69.8
53.5	69.7
54.3	69.7
55.1	69.5
55.9	69.4
56.7	69.4
57.5	69.4
58.4	69.4
59.2	69.4
60.1	69.5
61	69.5
61.8	69.4
62.7	69.3
63.7	69.3
64.6	69.3
65.5	69.3
66.5	69.3
67.4	69.4
68.4	69.4
69.4	69.4
70.4	69.3
71.5	69.1
72.5	69
73.5	68.8
74.6	68.7
75.7	68.7
76.8	68.7
77.9	68.7
79.1	68.6
80.2	68.5
81.4	68.4
82.6	68.3
83.8	68.1
85	68
86.2	68
87.5	67.9
88.7	67.9
90	67.8
91.3	67.7
92.7	67.7
94	67.7
95.4	67.6
96.8	67.5
98.2	67.5
99.6	67.4
101	67.3
103	67.3
104	67.4
106	67.4
107	67.3
109	67.2
110	67.1
112	66.9
113	66.8
115	66.7
117	66.6
118	66.6
120	66.6
122	66.7
124	66.6
125	66.5
127	66.4
129	66.4
131	66.3
133	66.2
135	66.1
137	66
139	65.9
141	65.9
143	65.9
145	65.8
147	65.6
149	65.6
151	65.7
154	65.8
156	65.8
158	65.7
160	65.7
163	65.7
165	65.6
168	65.6
170	65.6
172	65.6
175	65.6
177	65.5
180	65.3
183	65.2
185	65.1
188	65
191	64.9
194	64.8
196	64.8
199	64.8
202	64.7
205	64.6
208	64.5
211	64.5
214	64.6
217	64.4
220	64.1
224	63.9
227	63.8
230	63.7
234	63.8
237	63.8
240	63.7
244	63.7
247	63.8
251	63.8
255	63.7
258	63.5
262	63.5
266	63.4
270	63.3
274	63.2
278	63.1
282	63.1
286	63
290	63.1
294	63.2
298	63.1
303	63.1
307	63
312	62.9
316	62.9
321	62.8
325	62.7
330	62.6
335	62.6
340	62.5
345	62.5
350	62.4
355	62.4
360	62.3
365	62.3
371	62.4
376	62.4
382	62.3
387	62.2
393	62
398	62
404	62
410	62
416	62
422	62
428	62.1
434	62
441	61.9
447	61.7
454	61.6
460	61.5
467	61.5
474	61.4
481	61.4
488	61.4
495	61.4
502	61.4
509	61.6
517	61.6
524	61.6
532	61.5
540	61.4
547	61.5
555	61.5
563	61.4
572	61.4
580	61.4
588	61.4
597	61.3
606	61.3
614	61.3
623	61.2
632	61.3
642	61.3
651	61.3
660	61.2
670	61.1
680	61
690	61.1
700	61.2
710	61.2
720	61.2
731	61.3
741	61.3
752	61.3
763	61.2
774	61.2
785	61.3
797	61.3
808	61.2
820	61.3
832	61.4
844	61.5
856	61.5
869	61.5
882	61.4
894	61.4
907	61.6
921	61.6
934	61.7
948	61.8
961	61.8
975	61.8
990	61.9
1004	61.9
1019	62
1033	62.2
1048	62.4
1064	62.5
1079	62.6
1095	62.8
1111	62.9
1127	63
1143	63.1
1160	63.2
1177	63.7
1194	63.9
1211	64
1229	64.2
1247	64.3
1265	64.4
1283	64.6
1302	64.8
1321	64.9
1340	65
1360	65.1
1379	65.3
1399	65.5
1420	65.6
1440	65.7
1461	65.8
1483	66
1504	66.1
1526	66.2
1548	66.2
1571	66.4
1594	66.5
1617	66.6
1640	66.6
1664	66.8
1688	66.8
1713	66.9
1738	67
1763	67.2
1789	67.3
1815	67.5
1841	67.7
1868	67.8
1895	67.8
1923	67.9
1951	68.1
1979	68.2
2008	68.4
2037	68.5
2067	68.7
2097	68.8
2127	68.9
2158	69
2190	69.1
2221	69.2
2254	69.3
2287	69.5
2320	69.6
2354	69.7
2388	69.7
2423	69.8
2458	69.9
2494	69.9
2530	69.9
2567	70
2604	70.1
2642	70.2
2680	70.2
2719	70.3
2759	70.2
2799	70.2
2840	70.2
2881	70.2
2923	70.2
2965	70.1
3008	70
3052	69.9
3097	69.8
3142	69.7
3187	69.6
3234	69.5
3281	69.4
3328	69.3
3377	69.2
3426	69
3476	68.9
3526	68.8
3578	68.7
3630	68.5
3682	68.4
3736	68.3
3790	68.2
3846	68.1
3901	67.9
3958	67.9
4016	67.8
4074	67.7
4133	67.6
4194	67.5
4255	67.4
4316	67.3
4379	67.3
4443	67.2
4508	67.2
4573	67.2
4640	67.1
4707	67.1
4776	67.1
4845	67.1
4916	67.1
4987	67.1
5060	67.1
5133	67.1
5208	67
5284	67
5360	67
5438	67
5518	66.9
5598	66.7
5679	66.7
5762	66.8
5846	66.9
5931	66.9
6017	67
6104	66.9
6193	66.9
6283	66.8
6375	66.8
6467	66.8
6561	66.7
6657	66.7
6754	66.8
6852	66.8
6952	66.9
7053	67
7155	67.1
7259	67.3
7365	67.5
7472	67.7
7581	68
7691	68.2
7803	68.5
7916	68.7
8032	68.8
8148	68.8
8267	68.7
8387	68.4
8509	68.1
8633	67.4
8758	66.7
8886	65.9
9015	65
9146	64.2
9279	63.4
9414	62.7
9551	62
9690	61.3
9831	60.7
9974	60
10119	59.6
10266	59.2
10416	58.9
10567	58.7
10721	58.7
10877	58.8
11035	59.1
11196	59.5
11358	59.8
11524	60
11691	60.2
11861	60.5
12034	60.8
12209	61.1
12386	61.6
12567	62.2
12749	62.8
12935	63.6
13123	64.5
13314	65.2
13507	65.6
13704	65.6
13903	65.2
14105	64.4
14311	63.4
14519	62.3
14730	61.4
14944	60.5
15162	59.8
15382	58.9
15606	58.5
15833	58.2
16063	57.8
16297	57.4
16534	57
16774	56.5
17018	55.9
17266	55.2
17517	54.5
17772	53.8
18030	53.1
18293	52.3
18559	51.7
18829	51
19102	50.3
19380	49.5
20000	49
overall dB	93.3 dB
decay	Average
averaging	1/12 Octave
source	Headset Microphone 1 Low Range
latitude	0
longitude	0
saved	2024/10/28 11:28
peak	19.3Hz
