FFT	AudioTools 	v17.14 (5) iPad battery 100%	2024/10/22 11:59	Headset Microphone 1 Low Range	EB05A3E2-10AC-49FE-A287-06AC06EBE5AD
Frequency	dB	Unweighted
19.5	71.7
19.8	71.7
20.1	71.8
20.3	71.9
20.6	72
20.9	72.2
21.2	72.3
21.6	72.4
21.9	72.5
22.2	72.6
22.5	72.7
22.8	72.7
23.2	72.7
23.5	72.6
23.8	72.6
24.2	72.6
24.5	72.6
24.9	72.7
25.3	72.7
25.6	72.8
26	72.8
26.4	72.8
26.8	72.8
27.2	72.8
27.5	72.8
28	72.8
28.4	72.8
28.8	72.9
29.2	72.9
29.6	73
30	73.1
30.5	73.2
30.9	73.3
31.4	73.3
31.8	73.3
32.3	73.3
32.8	73.2
33.2	73.2
33.7	73.1
34.2	73.1
34.7	73.1
35.2	73.1
35.7	73.1
36.2	73.1
36.8	73.2
37.3	73.3
37.9	73.4
38.4	73.5
39	73.5
39.5	73.4
40.1	73.3
40.7	73.2
41.3	73.1
41.9	73.1
42.5	73.2
43.1	73.4
43.7	73.5
44.4	73.6
45	73.6
45.7	73.5
46.3	73.4
47	73.2
47.7	73.1
48.4	73.1
49.1	73
49.8	73
50.5	72.9
51.3	72.8
52	72.8
52.8	72.8
53.5	72.9
54.3	72.9
55.1	72.8
55.9	72.7
56.7	72.6
57.5	72.6
58.4	72.6
59.2	72.8
60.1	72.9
61	73
61.8	73
62.7	72.9
63.7	72.8
64.6	72.7
65.5	72.7
66.5	72.7
67.4	72.7
68.4	72.7
69.4	72.7
70.4	72.6
71.5	72.4
72.5	72.2
73.5	72
74.6	71.8
75.7	71.8
76.8	71.8
77.9	71.9
79.1	71.8
80.2	71.7
81.4	71.7
82.6	71.6
83.8	71.4
85	71.2
86.2	71.3
87.5	71.3
88.7	71.2
90	70.9
91.3	70.8
92.7	70.8
94	70.9
95.4	70.8
96.8	70.9
98.2	71
99.6	71
101	70.9
103	70.8
104	70.7
106	70.8
107	70.7
109	70.7
110	70.6
112	70.5
113	70.3
115	70.2
117	70.2
118	70.2
120	70.3
122	70.4
124	70.2
125	69.8
127	69.5
129	69.4
131	69.4
133	69.3
135	69.1
137	69
139	69.1
141	69.2
143	69.3
145	69.4
147	69.5
149	69.7
151	70
154	70
156	69.8
158	69.6
160	69.6
163	69.6
165	69.4
168	69.1
170	68.9
172	68.9
175	68.9
177	68.7
180	68.5
183	68.4
185	68.4
188	68.4
191	68.3
194	68.2
196	68.2
199	68.3
202	68.2
205	68.1
208	68.1
211	68.3
214	68.3
217	68.1
220	67.8
224	67.5
227	67.3
230	67.2
234	67.3
237	67.4
240	67.4
244	67.3
247	67.4
251	67.5
255	67.6
258	67.4
262	67.4
266	67.3
270	67.3
274	67.1
278	66.9
282	67
286	67.1
290	67.1
294	67.1
298	67
303	66.8
307	66.9
312	66.9
316	66.8
321	66.7
325	66.6
330	66.6
335	66.6
340	66.5
345	66.5
350	66.5
355	66.5
360	66.4
365	66.4
371	66.4
376	66.5
382	66.4
387	66.3
393	66.1
398	66
404	66.1
410	66.2
416	66.4
422	66.4
428	66.5
434	66.4
441	66.2
447	66.1
454	65.9
460	65.8
467	65.9
474	65.9
481	65.8
488	65.8
495	65.7
502	65.6
509	65.8
517	66.1
524	66.3
532	66.1
540	66.1
547	66.2
555	66.3
563	66.2
572	66.2
580	66.2
588	66.1
597	66
606	65.9
614	66
623	65.9
632	65.9
642	66
651	66
660	65.8
670	65.7
680	65.7
690	65.8
700	66.1
710	66.1
720	66.2
731	66.2
741	66.2
752	66.1
763	66.1
774	66.1
785	66.3
797	66.4
808	66.4
820	66.3
832	66.3
844	66.4
856	66.4
869	66.5
882	66.4
894	66.5
907	66.6
921	66.8
934	66.9
948	66.9
961	66.9
975	66.8
990	66.7
1004	66.7
1019	66.7
1033	66.9
1048	67.1
1064	67.3
1079	67.5
1095	67.7
1111	67.7
1127	67.8
1143	67.9
1160	68.1
1177	68.5
1194	68.6
1211	68.7
1229	68.9
1247	68.9
1265	68.9
1283	69.1
1302	69.3
1321	69.3
1340	69.4
1360	69.7
1379	69.9
1399	70.1
1420	70.2
1440	70.2
1461	70.3
1483	70.5
1504	70.6
1526	70.7
1548	70.8
1571	70.8
1594	70.9
1617	70.9
1640	70.9
1664	71
1688	71
1713	71.1
1738	71.2
1763	71.5
1789	71.6
1815	71.9
1841	72
1868	72.1
1895	72.1
1923	72.2
1951	72.3
1979	72.4
2008	72.5
2037	72.6
2067	72.8
2097	72.9
2127	73
2158	73.1
2190	73.2
2221	73.2
2254	73.4
2287	73.7
2320	73.8
2354	73.9
2388	74
2423	74
2458	74.1
2494	74.2
2530	74.2
2567	74.2
2604	74.3
2642	74.3
2680	74.3
2719	74.4
2759	74.3
2799	74.2
2840	74.2
2881	74.2
2923	74.3
2965	74.2
3008	74.2
3052	74.2
3097	74.1
3142	74.1
3187	73.9
3234	73.8
3281	73.8
3328	73.7
3377	73.7
3426	73.5
3476	73.4
3526	73.3
3578	73.2
3630	73.1
3682	73.1
3736	72.9
3790	72.9
3846	72.8
3901	72.7
3958	72.7
4016	72.6
4074	72.4
4133	72.3
4194	72.3
4255	72.3
4316	72.3
4379	72.3
4443	72.3
4508	72.3
4573	72.3
4640	72.3
4707	72.2
4776	72.2
4845	72.2
4916	72.2
4987	72.2
5060	72.2
5133	72.3
5208	72.3
5284	72.3
5360	72.3
5438	72.3
5518	72.1
5598	72
5679	72
5762	72
5846	72.1
5931	72.2
6017	72.2
6104	72.2
6193	72.1
6283	72
6375	72
6467	72
6561	71.9
6657	71.9
6754	72
6852	72
6952	72
7053	72.1
7155	72.2
7259	72.3
7365	72.4
7472	72.5
7581	72.7
7691	72.9
7803	73.1
7916	73.2
8032	73.3
8148	73.4
8267	73.3
8387	73.1
8509	72.9
8633	72.5
8758	72
8886	71.5
9015	71
9146	70.7
9279	70.3
9414	69.9
9551	69.6
9690	69.3
9831	69.1
9974	68.8
10119	68.6
10266	68.5
10416	68.5
10567	68.5
10721	68.5
10877	68.5
11035	68.4
11196	68.4
11358	68.4
11524	68.3
11691	68.4
11861	68.5
12034	68.5
12209	68.6
12386	68.8
12567	69
12749	69.2
12935	69.5
13123	69.9
13314	70.3
13507	70.4
13704	70.4
13903	70.2
14105	69.7
14311	69.2
14519	68.7
14730	68.2
14944	67.9
15162	67.6
15382	67.2
15606	66.9
15833	66.8
16063	66.6
16297	66.4
16534	66.1
16774	65.8
17018	65.5
17266	65.2
17517	64.9
17772	64.5
18030	64.1
18293	63.6
18559	63.1
18829	62.6
19102	61.9
19380	61.3
20000	60.9
overall dB	95.8 dB
decay	Average
averaging	1/12 Octave
source	Headset Microphone 1 Low Range
latitude	0
longitude	0
saved	2024/10/22 11:59
peak	22.0Hz
