FFT	AudioTools 	v36 iPad battery 100%	2023/09/14 12:15	Headset Microphone 1 Low Range	EB05A3E2-10AC-49FE-A287-06AC06EBE5AD
Frequency	dB	Unweighted
19.5	71.9
19.8	72
20.1	72.1
20.3	72.2
20.6	72.3
20.9	72.5
21.2	72.6
21.6	72.8
21.9	72.9
22.2	72.9
22.5	73
22.8	73
23.2	72.9
23.5	72.9
23.8	72.9
24.2	72.9
24.5	72.9
24.9	72.9
25.3	73
25.6	73.1
26	73.1
26.4	73.1
26.8	73.2
27.2	73.1
27.5	73.1
28	73.2
28.4	73.2
28.8	73.3
29.2	73.4
29.6	73.5
30	73.6
30.5	73.7
30.9	73.7
31.4	73.8
31.8	73.8
32.3	73.8
32.8	73.8
33.2	73.8
33.7	73.8
34.2	73.8
34.7	73.8
35.2	73.8
35.7	73.7
36.2	73.7
36.8	73.8
37.3	73.8
37.9	73.8
38.4	73.9
39	73.9
39.5	73.8
40.1	73.8
40.7	73.8
41.3	73.8
41.9	73.9
42.5	74
43.1	74.2
43.7	74.4
44.4	74.4
45	74.3
45.7	74.2
46.3	74
47	73.9
47.7	73.8
48.4	73.8
49.1	73.8
49.8	73.8
50.5	73.8
51.3	73.8
52	73.8
52.8	73.8
53.5	73.9
54.3	73.8
55.1	73.7
55.9	73.6
56.7	73.6
57.5	73.6
58.4	73.7
59.2	74
60.1	74.1
61	74.2
61.8	74.2
62.7	74.2
63.7	74.1
64.6	74.1
65.5	74.1
66.5	74.1
67.4	74.1
68.4	74.1
69.4	74
70.4	73.9
71.5	73.6
72.5	73.5
73.5	73.3
74.6	73.3
75.7	73.4
76.8	73.5
77.9	73.5
79.1	73.5
80.2	73.5
81.4	73.4
82.6	73.2
83.8	73
85	72.8
86.2	72.8
87.5	72.8
88.7	72.7
90	72.5
91.3	72.5
92.7	72.7
94	72.7
95.4	72.7
96.8	72.8
98.2	72.8
99.6	72.8
101	72.7
103	72.7
104	72.8
106	72.8
107	72.8
109	72.8
110	72.8
112	72.7
113	72.5
115	72.4
117	72.4
118	72.5
120	72.6
122	72.4
124	72.1
125	71.9
127	71.8
129	71.8
131	71.7
133	71.6
135	71.5
137	71.6
139	71.8
141	71.9
143	71.9
145	71.9
147	72
149	72.2
151	72.3
154	72.1
156	71.7
158	71.5
160	71.3
163	71.2
165	71
168	70.7
170	70.6
172	70.6
175	70.7
177	70.6
180	70.4
183	70.3
185	70.4
188	70.4
191	70.3
194	70.2
196	70.2
199	70.3
202	70.3
205	70.2
208	70.3
211	70.5
214	70.5
217	70.2
220	69.9
224	69.7
227	69.6
230	69.6
234	69.8
237	69.9
240	69.8
244	69.7
247	69.8
251	69.9
255	69.9
258	69.7
262	69.7
266	69.6
270	69.4
274	69.1
278	68.9
282	69
286	69.1
290	69.1
294	69
298	68.8
303	68.7
307	68.8
312	68.8
316	68.7
321	68.6
325	68.6
330	68.5
335	68.4
340	68.3
345	68.2
350	68.3
355	68.2
360	68.1
365	68.2
371	68.4
376	68.4
382	68.3
387	68.1
393	67.8
398	67.7
404	67.9
410	68.1
416	68.1
422	68.1
428	68.1
434	68
441	67.7
447	67.6
454	67.5
460	67.6
467	67.6
474	67.5
481	67.3
488	67.3
495	67.3
502	67.4
509	67.7
517	67.8
524	67.7
532	67.6
540	67.6
547	67.8
555	67.8
563	67.8
572	67.9
580	67.7
588	67.6
597	67.5
606	67.5
614	67.5
623	67.5
632	67.6
642	67.6
651	67.5
660	67.4
670	67.4
680	67.3
690	67.5
700	67.6
710	67.5
720	67.5
731	67.6
741	67.5
752	67.5
763	67.7
774	67.9
785	68
797	68.2
808	68.2
820	68.2
832	68.3
844	68.3
856	68.5
869	68.6
882	68.6
894	68.7
907	68.8
921	68.9
934	69
948	69
961	69.1
975	69
990	68.9
1004	68.9
1019	69
1033	69.2
1048	69.3
1064	69.5
1079	69.6
1095	69.6
1111	69.7
1127	69.9
1143	70.1
1160	70.4
1177	70.6
1194	70.6
1211	70.7
1229	70.8
1247	70.9
1265	70.9
1283	71.1
1302	71.1
1321	71.3
1340	71.4
1360	71.7
1379	71.9
1399	72.1
1420	72.2
1440	72.2
1461	72.3
1483	72.4
1504	72.6
1526	72.6
1548	72.6
1571	72.6
1594	72.7
1617	72.8
1640	72.7
1664	72.7
1688	72.8
1713	72.8
1738	72.9
1763	73.1
1789	73.1
1815	73.3
1841	73.3
1868	73.3
1895	73.3
1923	73.3
1951	73.3
1979	73.2
2008	73.2
2037	73.2
2067	73.3
2097	73.3
2127	73.3
2158	73.3
2190	73.2
2221	73.3
2254	73.4
2287	73.5
2320	73.5
2354	73.4
2388	73.3
2423	73.2
2458	73.2
2494	73.2
2530	73
2567	73
2604	72.9
2642	72.9
2680	72.8
2719	72.8
2759	72.8
2799	72.5
2840	72.5
2881	72.4
2923	72.5
2965	72.4
3008	72.3
3052	72.3
3097	72.3
3142	72.3
3187	72.4
3234	72.4
3281	72.5
3328	72.6
3377	72.5
3426	72.4
3476	72.3
3526	72.3
3578	72.3
3630	72.2
3682	72.1
3736	72
3790	71.9
3846	71.9
3901	71.7
3958	71.6
4016	71.3
4074	71.1
4133	70.9
4194	70.8
4255	70.7
4316	70.6
4379	70.5
4443	70.4
4508	70.4
4573	70.3
4640	70.2
4707	70.2
4776	70.2
4845	70.2
4916	70.3
4987	70.4
5060	70.5
5133	70.6
5208	70.8
5284	71.1
5360	71.4
5438	71.6
5518	71.9
5598	72.2
5679	72.6
5762	72.9
5846	73.1
5931	73.3
6017	73.3
6104	73.2
6193	73
6283	72.8
6375	72.5
6467	72.2
6561	71.8
6657	71.6
6754	71.3
6852	71
6952	70.8
7053	70.6
7155	70.5
7259	70.3
7365	70.1
7472	70
7581	69.9
7691	69.9
7803	69.8
7916	69.7
8032	69.6
8148	69.5
8267	69.4
8387	69.4
8509	69.3
8633	69.3
8758	69.2
8886	69.1
9015	69
9146	69
9279	68.9
9414	69
9551	69
9690	69
9831	68.8
9974	68.6
10119	68.3
10266	68.1
10416	67.9
10567	67.8
10721	67.7
10877	67.7
11035	67.6
11196	67.5
11358	67.4
11524	67.4
11691	67.3
11861	67.3
12034	67.2
12209	67.1
12386	67
12567	66.8
12749	66.7
12935	66.5
13123	66.3
13314	66.1
13507	65.9
13704	65.7
13903	65.6
14105	65.4
14311	65.2
14519	65.1
14730	64.9
14944	64.8
15162	64.6
15382	64.4
15606	64.3
15833	64.1
16063	63.9
16297	63.7
16534	63.5
16774	63.3
17018	63.1
17266	62.8
17517	62.6
17772	62.3
18030	62
18293	61.6
18559	61.2
18829	60.6
19102	60
19380	59.5
20000	59.3
overall dB	96.6 dB
decay	Average
averaging	1/12 Octave
source	Headset Microphone 1 Low Range
latitude	0
longitude	0
saved	2023/09/14 12:15
peak	22.0Hz
