FFT	AudioTools 	v36 iPad battery  84%	2023/09/14 17:21	Headset Microphone 1 Low Range	EB05A3E2-10AC-49FE-A287-06AC06EBE5AD
Frequency	dB	Unweighted
19.5	72.5
19.8	72.5
20.1	72.6
20.3	72.7
20.6	72.8
20.9	72.9
21.2	73
21.6	73
21.9	73.1
22.2	73.2
22.5	73.2
22.8	73.2
23.2	73.1
23.5	73
23.8	72.9
24.2	72.8
24.5	72.7
24.9	72.6
25.3	72.6
25.6	72.7
26	72.7
26.4	72.8
26.8	72.8
27.2	72.8
27.5	72.8
28	72.8
28.4	72.8
28.8	72.9
29.2	72.9
29.6	73
30	73.1
30.5	73.2
30.9	73.3
31.4	73.4
31.8	73.4
32.3	73.4
32.8	73.4
33.2	73.5
33.7	73.5
34.2	73.6
34.7	73.7
35.2	73.7
35.7	73.7
36.2	73.7
36.8	73.7
37.3	73.7
37.9	73.7
38.4	73.7
39	73.7
39.5	73.7
40.1	73.6
40.7	73.6
41.3	73.6
41.9	73.6
42.5	73.8
43.1	73.9
43.7	74.1
44.4	74.2
45	74.2
45.7	74.1
46.3	73.9
47	73.8
47.7	73.8
48.4	73.7
49.1	73.6
49.8	73.6
50.5	73.7
51.3	73.7
52	73.8
52.8	73.8
53.5	73.9
54.3	73.9
55.1	73.9
55.9	73.8
56.7	73.8
57.5	73.7
58.4	73.8
59.2	73.8
60.1	73.9
61	73.9
61.8	74
62.7	74.1
63.7	74.1
64.6	74.1
65.5	74.1
66.5	74.1
67.4	74
68.4	74
69.4	74
70.4	73.9
71.5	73.7
72.5	73.5
73.5	73.3
74.6	73.1
75.7	73.2
76.8	73.3
77.9	73.4
79.1	73.4
80.2	73.4
81.4	73.4
82.6	73.4
83.8	73.2
85	73
86.2	73
87.5	73
88.7	72.9
90	72.7
91.3	72.7
92.7	72.8
94	72.8
95.4	72.6
96.8	72.7
98.2	72.8
99.6	72.8
101	72.8
103	72.7
104	72.8
106	72.8
107	72.8
109	72.8
110	72.8
112	72.8
113	72.7
115	72.6
117	72.6
118	72.5
120	72.5
122	72.3
124	72.2
125	72
127	72.1
129	72.1
131	72.1
133	72
135	71.8
137	71.6
139	71.7
141	71.9
143	72
145	72
147	71.9
149	72
151	72.1
154	72.1
156	72
158	71.9
160	71.7
163	71.4
165	71.2
168	71
170	70.9
172	70.9
175	71
177	70.9
180	70.8
183	70.7
185	70.6
188	70.6
191	70.6
194	70.5
196	70.4
199	70.3
202	70.3
205	70.2
208	70.2
211	70.3
214	70.4
217	70.2
220	70
224	69.9
227	69.7
230	69.6
234	69.7
237	69.8
240	69.8
244	69.7
247	69.6
251	69.7
255	69.6
258	69.5
262	69.4
266	69.3
270	69.2
274	69.1
278	68.9
282	68.9
286	68.9
290	69
294	68.9
298	68.9
303	68.8
307	68.8
312	68.9
316	68.8
321	68.8
325	68.7
330	68.5
335	68.4
340	68.2
345	68.1
350	68.1
355	68
360	67.8
365	67.9
371	68.1
376	68.1
382	68.1
387	68
393	67.7
398	67.6
404	67.7
410	67.8
416	67.8
422	67.8
428	67.8
434	67.8
441	67.5
447	67.4
454	67.3
460	67.3
467	67.3
474	67.2
481	67.1
488	67
495	67.1
502	67
509	67.1
517	67.2
524	67.3
532	67.1
540	67.1
547	67.2
555	67.1
563	67
572	67
580	67
588	67.1
597	66.9
606	66.9
614	67
623	67
632	67
642	67
651	67
660	66.9
670	66.8
680	66.8
690	66.9
700	66.9
710	66.9
720	67
731	67
741	66.9
752	66.9
763	67
774	67
785	67.1
797	67.3
808	67.4
820	67.4
832	67.4
844	67.4
856	67.6
869	67.6
882	67.7
894	67.8
907	67.9
921	68
934	68
948	68.1
961	68.2
975	68.2
990	68.1
1004	68.1
1019	68.1
1033	68.2
1048	68.4
1064	68.6
1079	68.8
1095	68.8
1111	68.9
1127	69
1143	69.1
1160	69.3
1177	69.7
1194	69.8
1211	69.7
1229	69.9
1247	70
1265	70
1283	70.1
1302	70.2
1321	70.3
1340	70.4
1360	70.6
1379	70.8
1399	71.1
1420	71.2
1440	71.2
1461	71.3
1483	71.4
1504	71.6
1526	71.7
1548	71.8
1571	71.8
1594	71.9
1617	72
1640	71.9
1664	72
1688	72.1
1713	72.1
1738	72.1
1763	72.3
1789	72.3
1815	72.4
1841	72.5
1868	72.6
1895	72.6
1923	72.5
1951	72.6
1979	72.5
2008	72.4
2037	72.4
2067	72.5
2097	72.5
2127	72.5
2158	72.4
2190	72.4
2221	72.3
2254	72.3
2287	72.4
2320	72.3
2354	72.3
2388	72.2
2423	72.1
2458	72.1
2494	72
2530	71.9
2567	71.8
2604	71.8
2642	71.8
2680	71.7
2719	71.6
2759	71.5
2799	71.5
2840	71.5
2881	71.6
2923	71.6
2965	71.6
3008	71.6
3052	71.6
3097	71.5
3142	71.4
3187	71.4
3234	71.4
3281	71.4
3328	71.3
3377	71.3
3426	71.2
3476	71.2
3526	71.3
3578	71.3
3630	71.5
3682	71.6
3736	71.6
3790	71.8
3846	71.9
3901	71.9
3958	72
4016	72
4074	71.8
4133	71.7
4194	71.5
4255	71.2
4316	71
4379	70.8
4443	70.6
4508	70.5
4573	70.3
4640	70.2
4707	70
4776	69.9
4845	69.9
4916	69.9
4987	69.8
5060	69.8
5133	69.8
5208	69.8
5284	69.9
5360	70.1
5438	70.3
5518	70.4
5598	70.5
5679	70.7
5762	71
5846	71.3
5931	71.6
6017	72
6104	72.4
6193	72.7
6283	73
6375	73.3
6467	73.5
6561	73.6
6657	73.5
6754	73.4
6852	73.3
6952	73.2
7053	73.1
7155	73.1
7259	73
7365	73
7472	72.9
7581	72.9
7691	72.9
7803	72.8
7916	72.8
8032	72.6
8148	72.4
8267	72.2
8387	71.9
8509	71.6
8633	71.3
8758	71
8886	70.6
9015	70.4
9146	70.1
9279	69.9
9414	69.7
9551	69.6
9690	69.4
9831	69.3
9974	69.2
10119	69.1
10266	69
10416	68.9
10567	68.9
10721	68.8
10877	68.7
11035	68.7
11196	68.7
11358	68.6
11524	68.6
11691	68.6
11861	68.6
12034	68.6
12209	68.6
12386	68.6
12567	68.6
12749	68.5
12935	68.4
13123	68.3
13314	68.2
13507	68.2
13704	68.1
13903	68.1
14105	67.9
14311	67.7
14519	67.5
14730	67.3
14944	67.1
15162	67
15382	66.9
15606	66.9
15833	66.9
16063	66.9
16297	66.8
16534	66.6
16774	66.3
17018	66
17266	65.7
17517	65.4
17772	65.2
18030	64.9
18293	64.5
18559	64.1
18829	63.6
19102	63
19380	62.4
20000	62
overall dB	95.3 dB
decay	Average
averaging	1/12 Octave
source	Headset Microphone 1 Low Range
latitude	0
longitude	0
saved	2023/09/14 17:21
peak	22.0Hz
