FFT	AudioTools 	v17.12 (3) iPad battery  78%	2024/09/02 9:41	Headset Microphone 1 Low Range	EB05A3E2-10AC-49FE-A287-06AC06EBE5AD
Frequency	dB	Unweighted
19.5	73.1
19.8	73.1
20.1	73.2
20.3	73.3
20.6	73.3
20.9	73.4
21.2	73.5
21.6	73.6
21.9	73.7
22.2	73.7
22.5	73.7
22.8	73.7
23.2	73.6
23.5	73.5
23.8	73.4
24.2	73.4
24.5	73.3
24.9	73.3
25.3	73.4
25.6	73.5
26	73.6
26.4	73.6
26.8	73.7
27.2	73.7
27.5	73.7
28	73.7
28.4	73.8
28.8	73.8
29.2	73.9
29.6	74
30	74.1
30.5	74.2
30.9	74.2
31.4	74.3
31.8	74.3
32.3	74.3
32.8	74.3
33.2	74.2
33.7	74.2
34.2	74.1
34.7	74
35.2	73.8
35.7	73.7
36.2	73.7
36.8	73.7
37.3	73.8
37.9	73.9
38.4	74.1
39	74.2
39.5	74.2
40.1	74.1
40.7	74
41.3	73.9
41.9	73.9
42.5	74
43.1	74.2
43.7	74.3
44.4	74.5
45	74.5
45.7	74.3
46.3	74.1
47	73.8
47.7	73.6
48.4	73.5
49.1	73.5
49.8	73.5
50.5	73.4
51.3	73.4
52	73.3
52.8	73.3
53.5	73.3
54.3	73.2
55.1	73.1
55.9	73
56.7	72.9
57.5	73
58.4	73.1
59.2	73.4
60.1	73.5
61	73.5
61.8	73.5
62.7	73.3
63.7	73.2
64.6	73.1
65.5	73
66.5	73
67.4	73
68.4	73
69.4	72.9
70.4	72.8
71.5	72.6
72.5	72.4
73.5	72.3
74.6	72.1
75.7	72.1
76.8	72.2
77.9	72.2
79.1	72.1
80.2	72.1
81.4	72.1
82.6	72
83.8	71.7
85	71.4
86.2	71.4
87.5	71.4
88.7	71.3
90	71
91.3	70.9
92.7	71
94	71
95.4	71
96.8	71.1
98.2	71.1
99.6	70.9
101	70.8
103	70.7
104	70.7
106	70.9
107	70.9
109	70.8
110	70.8
112	70.7
113	70.6
115	70.4
117	70.4
118	70.4
120	70.6
122	70.7
124	70.4
125	69.8
127	69.6
129	69.4
131	69.4
133	69.3
135	69.2
137	69.1
139	69
141	69.1
143	69.2
145	69.3
147	69.3
149	69.4
151	69.6
154	69.5
156	69.1
158	68.8
160	68.7
163	68.7
165	68.4
168	68
170	67.8
172	67.9
175	68
177	67.9
180	67.7
183	67.5
185	67.6
188	67.6
191	67.6
194	67.4
196	67.5
199	67.8
202	67.8
205	67.6
208	67.6
211	67.9
214	67.9
217	67.6
220	67.2
224	67.2
227	67.1
230	67.1
234	67.3
237	67.3
240	67.2
244	67.1
247	67
251	67.2
255	67.2
258	67.2
262	67.4
266	67.5
270	67.5
274	67.1
278	66.7
282	66.7
286	66.8
290	67
294	67
298	66.9
303	66.9
307	67.1
312	67.1
316	67
321	66.9
325	66.9
330	66.8
335	67
340	66.9
345	66.9
350	66.9
355	66.9
360	66.7
365	66.7
371	66.7
376	66.9
382	66.9
387	66.8
393	66.6
398	66.6
404	66.7
410	66.9
416	67.1
422	67
428	67
434	67.1
441	66.9
447	66.7
454	66.6
460	66.5
467	66.4
474	66.5
481	66.6
488	66.7
495	66.6
502	66.6
509	66.8
517	67
524	67.1
532	66.9
540	66.8
547	67
555	67.2
563	67.2
572	67.1
580	67.1
588	67
597	66.8
606	66.7
614	66.6
623	66.5
632	66.7
642	66.7
651	66.6
660	66.6
670	66.5
680	66.5
690	66.5
700	66.6
710	66.6
720	66.6
731	66.8
741	66.7
752	66.6
763	66.5
774	66.4
785	66.6
797	66.7
808	66.6
820	66.5
832	66.4
844	66.5
856	66.6
869	66.6
882	66.4
894	66.3
907	66.4
921	66.6
934	66.7
948	66.8
961	66.8
975	66.7
990	66.5
1004	66.4
1019	66.5
1033	66.7
1048	66.8
1064	67
1079	67.1
1095	67.2
1111	67.1
1127	67.2
1143	67.3
1160	67.6
1177	67.8
1194	68
1211	68.1
1229	68.2
1247	68.3
1265	68.3
1283	68.5
1302	68.6
1321	68.7
1340	68.8
1360	69
1379	69.1
1399	69.4
1420	69.5
1440	69.6
1461	69.7
1483	69.9
1504	70
1526	70.1
1548	70
1571	70
1594	70.2
1617	70.2
1640	70.1
1664	70.2
1688	70.3
1713	70.4
1738	70.5
1763	70.7
1789	70.9
1815	71.2
1841	71.3
1868	71.5
1895	71.6
1923	71.6
1951	71.8
1979	71.9
2008	72
2037	72.1
2067	72.3
2097	72.3
2127	72.4
2158	72.5
2190	72.6
2221	72.6
2254	72.8
2287	73
2320	73.1
2354	73.1
2388	73.1
2423	73.1
2458	73.2
2494	73.2
2530	73.2
2567	73.2
2604	73.1
2642	73.1
2680	73
2719	73
2759	72.9
2799	72.8
2840	72.7
2881	72.6
2923	72.7
2965	72.6
3008	72.6
3052	72.6
3097	72.5
3142	72.5
3187	72.3
3234	72.1
3281	72.1
3328	72.1
3377	72
3426	71.9
3476	71.8
3526	71.8
3578	71.8
3630	71.9
3682	71.9
3736	71.8
3790	71.7
3846	71.8
3901	71.7
3958	71.8
4016	71.8
4074	71.6
4133	71.5
4194	71.5
4255	71.5
4316	71.5
4379	71.5
4443	71.5
4508	71.6
4573	71.6
4640	71.6
4707	71.4
4776	71.3
4845	71.3
4916	71.3
4987	71.3
5060	71.2
5133	71.1
5208	70.9
5284	70.8
5360	70.7
5438	70.5
5518	70.3
5598	70.2
5679	70
5762	69.9
5846	69.8
5931	69.7
6017	69.7
6104	69.8
6193	69.8
6283	69.9
6375	70.1
6467	70.3
6561	70.5
6657	70.8
6754	70.9
6852	70.9
6952	70.9
7053	70.9
7155	70.7
7259	70.5
7365	70.3
7472	70.1
7581	70
7691	69.9
7803	69.9
7916	69.9
8032	70
8148	70.2
8267	70.4
8387	70.7
8509	71.1
8633	71.5
8758	72
8886	72.4
9015	72.6
9146	72.6
9279	72.4
9414	72
9551	71.5
9690	71
9831	70.5
9974	69.8
10119	69.4
10266	69.1
10416	68.9
10567	68.7
10721	68.6
10877	68.5
11035	68.5
11196	68.4
11358	68.4
11524	68.4
11691	68.4
11861	68.5
12034	68.6
12209	68.7
12386	68.8
12567	68.9
12749	68.9
12935	68.8
13123	68.6
13314	68.4
13507	68.2
13704	67.9
13903	67.7
14105	67.5
14311	67.3
14519	67.2
14730	67.1
14944	67.1
15162	67
15382	66.7
15606	66.5
15833	66.2
16063	65.9
16297	65.5
16534	65.2
16774	64.9
17018	64.6
17266	64.3
17517	64.1
17772	63.7
18030	63.3
18293	62.9
18559	62.5
18829	61.9
19102	61.2
19380	60.6
20000	60.2
overall dB	96.1 dB
decay	Average
averaging	1/12 Octave
source	Headset Microphone 1 Low Range
latitude	0
longitude	0
saved	2024/09/02 9:41
peak	16.1Hz
