FFT	AudioTools 	v17.11 (10) iPad battery 100%	2024/08/07 9:50	Headset Microphone 1 Low Range	EB05A3E2-10AC-49FE-A287-06AC06EBE5AD
Frequency	dB	Unweighted
19.5	72.6
19.8	72.7
20.1	72.7
20.3	72.8
20.6	72.9
20.9	73
21.2	73.1
21.6	73.2
21.9	73.3
22.2	73.3
22.5	73.3
22.8	73.3
23.2	73.2
23.5	73.1
23.8	73
24.2	72.9
24.5	72.9
24.9	72.8
25.3	72.9
25.6	72.9
26	73
26.4	73
26.8	73.1
27.2	73.1
27.5	73
28	73
28.4	73
28.8	73
29.2	73.1
29.6	73.2
30	73.3
30.5	73.4
30.9	73.5
31.4	73.5
31.8	73.5
32.3	73.5
32.8	73.5
33.2	73.5
33.7	73.4
34.2	73.4
34.7	73.2
35.2	73.1
35.7	73
36.2	72.9
36.8	73
37.3	73
37.9	73.2
38.4	73.3
39	73.4
39.5	73.4
40.1	73.3
40.7	73.2
41.3	73.1
41.9	73.1
42.5	73.2
43.1	73.4
43.7	73.5
44.4	73.6
45	73.6
45.7	73.5
46.3	73.2
47	72.9
47.7	72.7
48.4	72.6
49.1	72.6
49.8	72.5
50.5	72.4
51.3	72.4
52	72.4
52.8	72.4
53.5	72.5
54.3	72.6
55.1	72.5
55.9	72.4
56.7	72.3
57.5	72.3
58.4	72.4
59.2	72.6
60.1	72.7
61	72.7
61.8	72.7
62.7	72.6
63.7	72.6
64.6	72.5
65.5	72.5
66.5	72.4
67.4	72.2
68.4	72.1
69.4	72
70.4	71.9
71.5	71.7
72.5	71.5
73.5	71.3
74.6	71.2
75.7	71.2
76.8	71.3
77.9	71.5
79.1	71.5
80.2	71.4
81.4	71.2
82.6	71.1
83.8	70.9
85	70.6
86.2	70.5
87.5	70.6
88.7	70.7
90	70.5
91.3	70.4
92.7	70.5
94	70.5
95.4	70.3
96.8	70.4
98.2	70.5
99.6	70.4
101	70.1
103	69.9
104	69.7
106	69.7
107	69.8
109	69.8
110	69.9
112	69.9
113	69.9
115	69.6
117	69.4
118	69.4
120	69.6
122	69.9
124	69.7
125	69.2
127	68.9
129	68.8
131	68.7
133	68.7
135	68.4
137	68.3
139	68
141	68.1
143	68.3
145	68.3
147	68.2
149	68.4
151	68.7
154	68.9
156	68.5
158	68.2
160	68
163	68
165	67.9
168	67.4
170	67
172	67
175	67.2
177	67.1
180	66.9
183	66.8
185	66.9
188	67
191	67
194	66.9
196	66.7
199	66.8
202	66.6
205	66.4
208	66.4
211	66.6
214	67
217	66.9
220	66.4
224	66.2
227	66
230	65.9
234	66.2
237	66.4
240	66.3
244	66.1
247	66.1
251	66.3
255	66.6
258	66.4
262	66.6
266	66.7
270	66.5
274	66.2
278	66
282	65.8
286	66
290	66.1
294	66.1
298	66
303	66.1
307	66.4
312	66.6
316	66.5
321	66.5
325	66.5
330	66.5
335	66.5
340	66.5
345	66.4
350	66.4
355	66.7
360	66.6
365	66.3
371	66.3
376	66.4
382	66.4
387	66.4
393	66.3
398	66.4
404	66.5
410	66.6
416	66.6
422	66.7
428	66.7
434	66.8
441	66.6
447	66.6
454	66.7
460	66.8
467	66.6
474	66.4
481	66.4
488	66.7
495	66.8
502	66.6
509	66.9
517	67.2
524	67.3
532	66.9
540	66.8
547	67
555	67.3
563	67.5
572	67.4
580	67.4
588	67.4
597	67.2
606	67.1
614	67.1
623	67
632	67
642	67.2
651	67.4
660	67.4
670	67.3
680	67.2
690	67.2
700	67.1
710	67.2
720	67.3
731	67.4
741	67.4
752	67.3
763	67.4
774	67.1
785	67.3
797	67.6
808	67.7
820	67.7
832	67.4
844	67.5
856	67.8
869	68
882	68
894	67.7
907	67.8
921	68
934	68.1
948	68.1
961	68.1
975	68.1
990	68.1
1004	67.9
1019	68
1033	68.3
1048	68.5
1064	68.7
1079	68.8
1095	68.9
1111	69
1127	69.2
1143	69.3
1160	69.5
1177	70
1194	70.2
1211	70.4
1229	70.5
1247	70.7
1265	70.6
1283	70.8
1302	71
1321	71.1
1340	71.2
1360	71.3
1379	71.4
1399	71.7
1420	72
1440	72
1461	72.3
1483	72.4
1504	72.5
1526	72.7
1548	72.6
1571	72.5
1594	72.8
1617	73
1640	72.9
1664	72.8
1688	72.8
1713	72.9
1738	73
1763	73.1
1789	73.2
1815	73.2
1841	73.1
1868	73.2
1895	73.2
1923	73.2
1951	73.2
1979	73.1
2008	73
2037	72.8
2067	72.8
2097	72.8
2127	72.7
2158	72.7
2190	72.7
2221	72.5
2254	72.6
2287	72.7
2320	72.6
2354	72.5
2388	72.4
2423	72.3
2458	72.2
2494	72.3
2530	72.2
2567	72.3
2604	72.2
2642	72.2
2680	72.1
2719	71.9
2759	71.9
2799	71.9
2840	72
2881	71.8
2923	72
2965	71.9
3008	71.9
3052	72
3097	72
3142	72
3187	72
3234	71.9
3281	71.9
3328	72
3377	72
3426	71.9
3476	71.9
3526	71.9
3578	71.9
3630	71.9
3682	72.2
3736	72.2
3790	72.1
3846	72.3
3901	72.2
3958	72.3
4016	72.3
4074	72.1
4133	71.7
4194	71.6
4255	71.3
4316	71.1
4379	70.9
4443	70.7
4508	70.5
4573	70.2
4640	70
4707	69.9
4776	69.7
4845	69.5
4916	69.3
4987	69.4
5060	69.2
5133	69.2
5208	69.1
5284	69
5360	68.9
5438	68.8
5518	68.7
5598	68.6
5679	68.4
5762	68.4
5846	68.2
5931	68.2
6017	68.2
6104	68.4
6193	68.6
6283	68.6
6375	68.8
6467	69.2
6561	69.5
6657	69.9
6754	70.1
6852	70.2
6952	70.2
7053	70.1
7155	70
7259	69.8
7365	69.8
7472	69.8
7581	69.8
7691	70
7803	70.1
7916	70.2
8032	70.2
8148	70.2
8267	70.1
8387	69.8
8509	69.5
8633	69.2
8758	68.8
8886	68.4
9015	68.1
9146	67.9
9279	67.7
9414	67.4
9551	67.2
9690	67.2
9831	67.1
9974	67
10119	67
10266	66.9
10416	66.9
10567	66.8
10721	66.7
10877	66.4
11035	66.3
11196	66.2
11358	66.1
11524	65.9
11691	65.8
11861	65.7
12034	65.6
12209	65.6
12386	65.5
12567	65.4
12749	65.3
12935	65.1
13123	65.1
13314	64.9
13507	64.8
13704	64.8
13903	64.8
14105	64.7
14311	64.8
14519	64.9
14730	65
14944	65.1
15162	64.9
15382	64.4
15606	64.1
15833	63.8
16063	63.6
16297	63.4
16534	63.2
16774	63
17018	62.8
17266	62.5
17517	62.3
17772	62.1
18030	61.8
18293	61.5
18559	61.1
18829	60.6
19102	60.1
19380	59.6
20000	59.1
overall dB	96.5 dB
decay	Average
averaging	1/24 Octave
source	Headset Microphone 1 Low Range
latitude	0
longitude	0
saved	2024/08/07 9:50
peak	16.1Hz
