FFT	AudioTools 	v17.3 (104) iPad battery  98%	2024/02/23 12:51	Headset Microphone 1 Low Range	EB05A3E2-10AC-49FE-A287-06AC06EBE5AD
Frequency	dB	Unweighted
19.5	69.3
19.8	69.3
20.1	69.4
20.3	69.4
20.6	69.5
20.9	69.7
21.2	69.8
21.6	69.9
21.9	70
22.2	70.1
22.5	70.1
22.8	70.2
23.2	70.2
23.5	70.2
23.8	70.2
24.2	70.2
24.5	70.2
24.9	70.2
25.3	70.3
25.6	70.3
26	70.4
26.4	70.4
26.8	70.4
27.2	70.5
27.5	70.5
28	70.5
28.4	70.5
28.8	70.6
29.2	70.6
29.6	70.7
30	70.8
30.5	70.9
30.9	70.9
31.4	71
31.8	71.1
32.3	71.2
32.8	71.2
33.2	71.3
33.7	71.3
34.2	71.3
34.7	71.3
35.2	71.3
35.7	71.3
36.2	71.3
36.8	71.3
37.3	71.3
37.9	71.2
38.4	71.2
39	71.2
39.5	71.2
40.1	71.1
40.7	71
41.3	71
41.9	71
42.5	71.1
43.1	71.3
43.7	71.5
44.4	71.6
45	71.6
45.7	71.6
46.3	71.5
47	71.4
47.7	71.3
48.4	71.3
49.1	71.4
49.8	71.4
50.5	71.5
51.3	71.6
52	71.6
52.8	71.5
53.5	71.5
54.3	71.4
55.1	71.3
55.9	71.3
56.7	71.3
57.5	71.4
58.4	71.4
59.2	71.5
60.1	71.6
61	71.6
61.8	71.6
62.7	71.6
63.7	71.5
64.6	71.5
65.5	71.5
66.5	71.6
67.4	71.5
68.4	71.5
69.4	71.4
70.4	71.4
71.5	71.4
72.5	71.4
73.5	71.3
74.6	71.3
75.7	71.3
76.8	71.4
77.9	71.4
79.1	71.4
80.2	71.4
81.4	71.3
82.6	71.2
83.8	71.1
85	71
86.2	70.9
87.5	70.9
88.7	70.9
90	70.8
91.3	70.7
92.7	70.8
94	70.8
95.4	70.8
96.8	70.8
98.2	70.8
99.6	70.8
101	70.7
103	70.7
104	70.7
106	70.7
107	70.6
109	70.6
110	70.6
112	70.6
113	70.4
115	70.2
117	70.2
118	70.3
120	70.2
122	70.1
124	70
125	69.8
127	69.8
129	69.8
131	69.9
133	69.7
135	69.5
137	69.3
139	69.3
141	69.5
143	69.6
145	69.6
147	69.5
149	69.4
151	69.4
154	69.3
156	69.1
158	68.9
160	68.7
163	68.7
165	68.6
168	68.3
170	68.1
172	68
175	67.9
177	67.7
180	67.4
183	67.2
185	67.2
188	67.1
191	67
194	66.9
196	66.9
199	66.9
202	66.7
205	66.5
208	66.4
211	66.4
214	66.4
217	66.1
220	65.7
224	65.5
227	65.2
230	64.9
234	64.8
237	64.9
240	64.7
244	64.5
247	64.4
251	64.3
255	64.2
258	63.9
262	63.8
266	63.7
270	63.6
274	63.3
278	63
282	62.8
286	62.6
290	62.5
294	62.5
298	62.5
303	62.4
307	62.2
312	62.1
316	62
321	61.7
325	61.6
330	61.6
335	61.8
340	61.8
345	61.8
350	61.8
355	61.8
360	61.6
365	61.6
371	61.8
376	61.9
382	61.9
387	61.9
393	61.8
398	61.8
404	61.9
410	62.1
416	62.2
422	62.2
428	62.3
434	62.3
441	62.2
447	62.2
454	62.1
460	62.1
467	62.2
474	62.3
481	62.2
488	62.4
495	62.5
502	62.7
509	62.9
517	63
524	63
532	62.9
540	63
547	63.2
555	63.3
563	63.2
572	63.2
580	63.2
588	63.3
597	63.3
606	63.3
614	63.3
623	63.4
632	63.6
642	63.6
651	63.6
660	63.5
670	63.5
680	63.4
690	63.5
700	63.6
710	63.7
720	63.6
731	63.7
741	63.7
752	63.8
763	63.7
774	63.8
785	63.9
797	63.9
808	63.8
820	63.9
832	63.9
844	64.1
856	64.1
869	64.1
882	64
894	64
907	64.1
921	64.2
934	64.3
948	64.4
961	64.5
975	64.5
990	64.5
1004	64.5
1019	64.5
1033	64.7
1048	64.8
1064	64.9
1079	65
1095	65.1
1111	65.1
1127	65.1
1143	65.2
1160	65.4
1177	65.8
1194	65.8
1211	65.9
1229	65.9
1247	66
1265	66.1
1283	66.2
1302	66.2
1321	66.2
1340	66.2
1360	66.4
1379	66.5
1399	66.6
1420	66.6
1440	66.6
1461	66.7
1483	66.8
1504	66.8
1526	66.8
1548	66.9
1571	66.9
1594	67
1617	67
1640	67
1664	67.1
1688	67.1
1713	67.1
1738	67.2
1763	67.4
1789	67.4
1815	67.5
1841	67.7
1868	67.7
1895	67.8
1923	67.9
1951	68
1979	68.1
2008	68.1
2037	68.3
2067	68.6
2097	68.7
2127	68.8
2158	68.9
2190	69.1
2221	69.2
2254	69.4
2287	69.6
2320	69.9
2354	70.1
2388	70.2
2423	70.4
2458	70.6
2494	70.8
2530	71
2567	71.2
2604	71.4
2642	71.6
2680	71.8
2719	71.9
2759	72.1
2799	72.2
2840	72.3
2881	72.4
2923	72.6
2965	72.6
3008	72.6
3052	72.6
3097	72.5
3142	72.4
3187	72.3
3234	72.2
3281	72.1
3328	72
3377	71.9
3426	71.7
3476	71.5
3526	71.4
3578	71.2
3630	71
3682	70.9
3736	70.6
3790	70.5
3846	70.3
3901	70.1
3958	70
4016	69.8
4074	69.6
4133	69.4
4194	69.3
4255	69.3
4316	69.3
4379	69.3
4443	69.4
4508	69.4
4573	69.3
4640	69.3
4707	69.2
4776	69.1
4845	69
4916	68.9
4987	68.8
5060	68.7
5133	68.5
5208	68.3
5284	68.1
5360	67.9
5438	67.7
5518	67.5
5598	67.3
5679	67
5762	66.8
5846	66.6
5931	66.4
6017	66.3
6104	66.3
6193	66.2
6283	66.1
6375	66.1
6467	66.2
6561	66.2
6657	66.4
6754	66.7
6852	67
6952	67.5
7053	68
7155	68.5
7259	69
7365	69.3
7472	69.4
7581	69.3
7691	69.1
7803	68.8
7916	68.6
8032	68.4
8148	68.4
8267	68.4
8387	68.4
8509	68.6
8633	68.9
8758	69.3
8886	69.9
9015	70.4
9146	70.8
9279	70.9
9414	70.7
9551	70.2
9690	69.5
9831	68.8
9974	67.7
10119	67
10266	66.4
10416	65.9
10567	65.5
10721	65.1
10877	64.9
11035	64.6
11196	64.4
11358	64.2
11524	64
11691	63.9
11861	63.8
12034	63.8
12209	63.9
12386	64.1
12567	64.2
12749	64.2
12935	64
13123	63.7
13314	63.3
13507	62.8
13704	62.5
13903	62.2
14105	61.9
14311	61.8
14519	61.8
14730	62
14944	62.4
15162	62.9
15382	63.7
15606	64.1
15833	64.1
16063	64
16297	63.6
16534	63
16774	62.4
17018	61.6
17266	60.7
17517	59.7
17772	58.8
18030	57.9
18293	57.2
18559	56.6
18829	56.2
19102	55.7
19380	55
20000	54.3
overall dB	93.2 dB
decay	Average
averaging	1/12 Octave
source	Headset Microphone 1 Low Range
latitude	0
longitude	0
saved	2024/02/23 12:51
peak	22.0Hz
