FFT	AudioTools 	v17.3 (104) iPad battery  97%	2024/02/23 12:54	Headset Microphone 1 Low Range	EB05A3E2-10AC-49FE-A287-06AC06EBE5AD
Frequency	dB	Unweighted
19.5	71.3
19.8	71.4
20.1	71.4
20.3	71.5
20.6	71.6
20.9	71.7
21.2	71.9
21.6	72
21.9	72.1
22.2	72.2
22.5	72.2
22.8	72.2
23.2	72.2
23.5	72.2
23.8	72.2
24.2	72.3
24.5	72.3
24.9	72.3
25.3	72.4
25.6	72.4
26	72.4
26.4	72.5
26.8	72.5
27.2	72.5
27.5	72.5
28	72.5
28.4	72.5
28.8	72.6
29.2	72.7
29.6	72.8
30	72.9
30.5	73
30.9	73
31.4	73.1
31.8	73.1
32.3	73.1
32.8	73
33.2	73
33.7	73
34.2	73
34.7	73
35.2	73.1
35.7	73.1
36.2	73.1
36.8	73.1
37.3	73.2
37.9	73.2
38.4	73.3
39	73.3
39.5	73.3
40.1	73.2
40.7	73.1
41.3	73
41.9	73
42.5	73.1
43.1	73.2
43.7	73.4
44.4	73.5
45	73.4
45.7	73.3
46.3	73.2
47	73.2
47.7	73.1
48.4	73.1
49.1	73.1
49.8	73.1
50.5	73.1
51.3	73
52	73
52.8	73
53.5	73
54.3	72.9
55.1	72.8
55.9	72.7
56.7	72.7
57.5	72.7
58.4	72.7
59.2	72.8
60.1	72.9
61	73
61.8	73
62.7	72.9
63.7	72.9
64.6	72.9
65.5	72.9
66.5	72.9
67.4	72.9
68.4	73
69.4	73
70.4	72.8
71.5	72.7
72.5	72.5
73.5	72.3
74.6	72.2
75.7	72.2
76.8	72.3
77.9	72.3
79.1	72.3
80.2	72.3
81.4	72.2
82.6	72.1
83.8	71.8
85	71.6
86.2	71.6
87.5	71.6
88.7	71.5
90	71.3
91.3	71.2
92.7	71.3
94	71.4
95.4	71.3
96.8	71.2
98.2	71.2
99.6	71.2
101	71.1
103	71.1
104	71.1
106	71.1
107	71.1
109	71
110	70.9
112	70.8
113	70.6
115	70.4
117	70.4
118	70.4
120	70.5
122	70.5
124	70.3
125	70.1
127	69.8
129	69.7
131	69.6
133	69.4
135	69.2
137	69.2
139	69.2
141	69.3
143	69.4
145	69.3
147	69.1
149	69.2
151	69.4
154	69.3
156	69
158	68.7
160	68.5
163	68.4
165	68.1
168	67.8
170	67.7
172	67.5
175	67.5
177	67.4
180	67.2
183	66.9
185	67
188	67
191	67
194	66.9
196	66.8
199	66.9
202	66.9
205	66.7
208	66.6
211	66.7
214	66.8
217	66.5
220	66.1
224	65.9
227	65.7
230	65.5
234	65.6
237	65.7
240	65.7
244	65.6
247	65.7
251	65.8
255	65.8
258	65.7
262	65.6
266	65.5
270	65.5
274	65.2
278	65
282	65
286	64.9
290	64.9
294	65
298	64.9
303	64.8
307	64.9
312	64.8
316	64.8
321	64.7
325	64.6
330	64.5
335	64.6
340	64.5
345	64.5
350	64.5
355	64.5
360	64.4
365	64.3
371	64.4
376	64.4
382	64.3
387	64.2
393	64.1
398	64.1
404	64.1
410	64.2
416	64.3
422	64.3
428	64.3
434	64.4
441	64.1
447	64
454	63.9
460	63.8
467	63.7
474	63.7
481	63.6
488	63.7
495	63.7
502	63.6
509	63.8
517	64
524	64
532	63.8
540	63.8
547	63.9
555	63.9
563	63.8
572	63.8
580	63.8
588	63.8
597	63.6
606	63.5
614	63.6
623	63.5
632	63.6
642	63.6
651	63.5
660	63.4
670	63.3
680	63.2
690	63.3
700	63.5
710	63.5
720	63.4
731	63.5
741	63.5
752	63.5
763	63.5
774	63.5
785	63.7
797	63.7
808	63.7
820	63.8
832	63.8
844	64
856	64.1
869	64
882	64
894	64
907	64.2
921	64.3
934	64.4
948	64.4
961	64.5
975	64.5
990	64.4
1004	64.4
1019	64.5
1033	64.7
1048	64.9
1064	65
1079	65.2
1095	65.3
1111	65.3
1127	65.4
1143	65.5
1160	65.7
1177	66.1
1194	66.2
1211	66.2
1229	66.3
1247	66.3
1265	66.4
1283	66.6
1302	66.7
1321	66.7
1340	66.8
1360	66.9
1379	67.1
1399	67.3
1420	67.4
1440	67.5
1461	67.6
1483	67.8
1504	67.9
1526	68
1548	68
1571	68.1
1594	68.2
1617	68.3
1640	68.3
1664	68.3
1688	68.4
1713	68.4
1738	68.5
1763	68.8
1789	68.9
1815	69.1
1841	69.2
1868	69.3
1895	69.3
1923	69.4
1951	69.6
1979	69.6
2008	69.7
2037	69.9
2067	70
2097	70.1
2127	70.2
2158	70.4
2190	70.4
2221	70.5
2254	70.6
2287	70.8
2320	70.9
2354	70.9
2388	71
2423	71
2458	71.1
2494	71.2
2530	71.1
2567	71.2
2604	71.3
2642	71.4
2680	71.4
2719	71.4
2759	71.3
2799	71.3
2840	71.3
2881	71.4
2923	71.4
2965	71.4
3008	71.4
3052	71.3
3097	71.3
3142	71.3
3187	71.2
3234	71.2
3281	71.2
3328	71.2
3377	71.1
3426	71
3476	70.9
3526	70.9
3578	70.8
3630	70.8
3682	70.8
3736	70.6
3790	70.6
3846	70.6
3901	70.5
3958	70.5
4016	70.5
4074	70.5
4133	70.4
4194	70.4
4255	70.5
4316	70.5
4379	70.5
4443	70.6
4508	70.6
4573	70.6
4640	70.5
4707	70.5
4776	70.4
4845	70.4
4916	70.3
4987	70.3
5060	70.2
5133	70
5208	69.8
5284	69.7
5360	69.5
5438	69.3
5518	69
5598	68.9
5679	68.8
5762	68.7
5846	68.8
5931	69
6017	69.3
6104	69.6
6193	69.8
6283	69.8
6375	69.7
6467	69.5
6561	68.9
6657	68.6
6754	68.3
6852	68.2
6952	68
7053	68
7155	68.2
7259	68.4
7365	68.7
7472	69
7581	69.4
7691	69.8
7803	70.2
7916	70.5
8032	70.7
8148	70.7
8267	70.5
8387	70.1
8509	69.6
8633	68.8
8758	68.1
8886	67.3
9015	66.6
9146	66.1
9279	65.5
9414	65
9551	64.6
9690	64.3
9831	64.1
9974	63.8
10119	63.6
10266	63.5
10416	63.4
10567	63.3
10721	63.3
10877	63.1
11035	62.9
11196	62.7
11358	62.4
11524	62.1
11691	61.8
11861	61.4
12034	61.1
12209	60.7
12386	60.5
12567	60.3
12749	60.1
12935	59.8
13123	59.6
13314	59.5
13507	59.6
13704	59.8
13903	59.9
14105	60.2
14311	60.6
14519	60.9
14730	60.7
14944	60.2
15162	59.5
15382	58.6
15606	58.3
15833	58.2
16063	58.1
16297	57.9
16534	57.6
16774	57.3
17018	57.1
17266	56.9
17517	56.8
17772	56.6
18030	56.4
18293	55.9
18559	55.2
18829	54.4
19102	53.5
19380	52.7
20000	52
overall dB	94.2 dB
decay	Average
averaging	1/12 Octave
source	Headset Microphone 1 Low Range
latitude	0
longitude	0
saved	2024/02/23 12:54
peak	22.0Hz
