FFT	AudioTools 	v17.9 (4) iPad battery  86%	2024/06/03 12:42	Headset Microphone 1 Low Range	EB05A3E2-10AC-49FE-A287-06AC06EBE5AD
Frequency	dB	Unweighted
19.5	71.8
19.8	71.8
20.1	71.9
20.3	71.9
20.6	72
20.9	72
21.2	72.1
21.6	72.1
21.9	72.1
22.2	72.2
22.5	72.2
22.8	72.2
23.2	72.2
23.5	72.2
23.8	72.2
24.2	72.2
24.5	72.3
24.9	72.3
25.3	72.5
25.6	72.5
26	72.6
26.4	72.7
26.8	72.7
27.2	72.6
27.5	72.6
28	72.5
28.4	72.5
28.8	72.5
29.2	72.5
29.6	72.6
30	72.6
30.5	72.7
30.9	72.7
31.4	72.7
31.8	72.6
32.3	72.6
32.8	72.5
33.2	72.6
33.7	72.6
34.2	72.7
34.7	72.7
35.2	72.8
35.7	72.8
36.2	72.8
36.8	72.8
37.3	72.9
37.9	72.9
38.4	73
39	73
39.5	72.9
40.1	72.9
40.7	72.7
41.3	72.6
41.9	72.5
42.5	72.5
43.1	72.6
43.7	72.7
44.4	72.7
45	72.7
45.7	72.7
46.3	72.6
47	72.5
47.7	72.5
48.4	72.5
49.1	72.4
49.8	72.4
50.5	72.4
51.3	72.5
52	72.4
52.8	72.4
53.5	72.4
54.3	72.3
55.1	72.2
55.9	72
56.7	71.9
57.5	71.9
58.4	72
59.2	72.2
60.1	72.3
61	72.3
61.8	72.2
62.7	72
63.7	71.9
64.6	71.9
65.5	71.8
66.5	71.8
67.4	71.7
68.4	71.7
69.4	71.8
70.4	71.7
71.5	71.7
72.5	71.6
73.5	71.5
74.6	71.4
75.7	71.4
76.8	71.4
77.9	71.3
79.1	71.1
80.2	70.9
81.4	70.7
82.6	70.6
83.8	70.5
85	70.4
86.2	70.4
87.5	70.2
88.7	70.1
90	70
91.3	69.9
92.7	69.9
94	69.8
95.4	69.7
96.8	69.7
98.2	69.7
99.6	69.7
101	69.6
103	69.5
104	69.5
106	69.5
107	69.4
109	69.3
110	69.2
112	69.1
113	69
115	68.8
117	68.7
118	68.6
120	68.7
122	68.9
124	68.7
125	68.4
127	68.2
129	68
131	67.8
133	67.7
135	67.6
137	67.5
139	67.4
141	67.3
143	67.3
145	67.2
147	67.3
149	67.4
151	67.6
154	67.5
156	67.2
158	67.1
160	67
163	66.9
165	66.7
168	66.5
170	66.4
172	66.3
175	66.2
177	66.1
180	66.1
183	66
185	66
188	66.1
191	66.1
194	66
196	66
199	66
202	65.9
205	65.7
208	65.6
211	65.8
214	66
217	65.8
220	65.5
224	65.2
227	65.1
230	65
234	65.1
237	65.1
240	65
244	65
247	65
251	65.2
255	65.3
258	65.2
262	65.3
266	65.3
270	65.3
274	65.1
278	64.9
282	64.8
286	64.8
290	64.9
294	65.1
298	65
303	65
307	65.1
312	65
316	64.9
321	64.8
325	64.8
330	64.7
335	64.7
340	64.8
345	64.8
350	64.9
355	64.8
360	64.8
365	64.8
371	64.8
376	64.9
382	64.9
387	64.8
393	64.8
398	64.8
404	64.9
410	65
416	65.1
422	65.1
428	65.1
434	65
441	65
447	65
454	65
460	64.9
467	64.9
474	64.8
481	64.9
488	65
495	64.9
502	64.8
509	65
517	65.2
524	65.3
532	65.2
540	65.3
547	65.4
555	65.4
563	65.4
572	65.4
580	65.5
588	65.5
597	65.4
606	65.4
614	65.4
623	65.2
632	65.2
642	65.3
651	65.4
660	65.4
670	65.2
680	65
690	65.1
700	65.4
710	65.5
720	65.6
731	65.7
741	65.7
752	65.6
763	65.7
774	65.7
785	65.9
797	66
808	66.1
820	66.1
832	66.1
844	66.2
856	66.3
869	66.4
882	66.3
894	66.3
907	66.5
921	66.8
934	66.8
948	66.7
961	66.8
975	66.8
990	66.9
1004	66.9
1019	67
1033	67.2
1048	67.4
1064	67.6
1079	67.7
1095	67.8
1111	67.9
1127	67.9
1143	67.9
1160	68.1
1177	68.5
1194	68.7
1211	68.8
1229	68.9
1247	69
1265	69
1283	69.1
1302	69.2
1321	69.4
1340	69.4
1360	69.5
1379	69.7
1399	69.9
1420	70
1440	70.1
1461	70.2
1483	70.3
1504	70.5
1526	70.5
1548	70.6
1571	70.6
1594	70.8
1617	70.8
1640	70.7
1664	70.8
1688	70.8
1713	70.9
1738	71.1
1763	71.3
1789	71.4
1815	71.4
1841	71.6
1868	71.6
1895	71.6
1923	71.7
1951	71.8
1979	71.8
2008	71.8
2037	71.8
2067	71.9
2097	71.9
2127	72
2158	72.1
2190	72.1
2221	72.1
2254	72.2
2287	72.3
2320	72.4
2354	72.3
2388	72.3
2423	72.3
2458	72.4
2494	72.4
2530	72.3
2567	72.4
2604	72.4
2642	72.4
2680	72.4
2719	72.3
2759	72.2
2799	72.2
2840	72.1
2881	72.1
2923	72.1
2965	72
3008	72
3052	71.9
3097	71.9
3142	71.8
3187	71.8
3234	71.7
3281	71.7
3328	71.8
3377	71.8
3426	71.7
3476	71.7
3526	71.7
3578	71.7
3630	71.8
3682	71.9
3736	71.9
3790	71.9
3846	72
3901	72
3958	72.1
4016	72.1
4074	72
4133	72
4194	72.1
4255	72.3
4316	72.3
4379	72.4
4443	72.4
4508	72.4
4573	72.5
4640	72.4
4707	72.3
4776	72.3
4845	72.2
4916	72
4987	71.8
5060	71.6
5133	71.5
5208	71.5
5284	71.5
5360	71.6
5438	71.9
5518	72.1
5598	72.3
5679	72.3
5762	72
5846	71.6
5931	71.2
6017	70.7
6104	70.4
6193	70
6283	69.6
6375	69.4
6467	69.2
6561	69
6657	69
6754	69
6852	69
6952	69
7053	69.1
7155	69.3
7259	69.5
7365	69.9
7472	70.2
7581	70.7
7691	71.3
7803	71.9
7916	72.3
8032	72.5
8148	72.5
8267	72.2
8387	71.7
8509	71.1
8633	70.4
8758	69.7
8886	69.1
9015	68.7
9146	68.4
9279	68.1
9414	67.9
9551	67.7
9690	67.6
9831	67.5
9974	67.4
10119	67.4
10266	67.3
10416	67.3
10567	67.4
10721	67.3
10877	67.2
11035	66.9
11196	66.7
11358	66.4
11524	66.2
11691	66
11861	65.9
12034	65.7
12209	65.6
12386	65.6
12567	65.6
12749	65.5
12935	65.4
13123	65.4
13314	65.4
13507	65.5
13704	65.6
13903	65.7
14105	66
14311	66.5
14519	67.1
14730	67.9
14944	68.5
15162	68.7
15382	68.4
15606	68
15833	67.8
16063	67.7
16297	67.9
16534	68.1
16774	68
17018	67.3
17266	66.4
17517	65.5
17772	64.7
18030	64.1
18293	63.6
18559	63
18829	62.3
19102	61.6
19380	60.9
20000	60.3
overall dB	94.7 dB
decay	Average
averaging	1/12 Octave
source	Headset Microphone 1 Low Range
latitude	0
longitude	0
saved	2024/06/03 12:42
peak	16.1Hz
