FFT	AudioTools 	v17.11 (10) iPad battery  44%	2024/08/12 19:54	Headset Microphone 1 Low Range	EB05A3E2-10AC-49FE-A287-06AC06EBE5AD
Frequency	dB	Unweighted
19.5	72.9
19.8	72.9
20.1	73
20.3	73
20.6	73.1
20.9	73.2
21.2	73.3
21.6	73.3
21.9	73.4
22.2	73.4
22.5	73.4
22.8	73.3
23.2	73.2
23.5	73.1
23.8	73.1
24.2	73.1
24.5	73.1
24.9	73.1
25.3	73.2
25.6	73.2
26	73.3
26.4	73.3
26.8	73.3
27.2	73.3
27.5	73.2
28	73.2
28.4	73.2
28.8	73.2
29.2	73.3
29.6	73.4
30	73.5
30.5	73.5
30.9	73.6
31.4	73.5
31.8	73.5
32.3	73.4
32.8	73.4
33.2	73.4
33.7	73.3
34.2	73.3
34.7	73.3
35.2	73.2
35.7	73.1
36.2	73.1
36.8	73.1
37.3	73.2
37.9	73.3
38.4	73.4
39	73.5
39.5	73.5
40.1	73.4
40.7	73.3
41.3	73.2
41.9	73.1
42.5	73.2
43.1	73.3
43.7	73.3
44.4	73.4
45	73.3
45.7	73.2
46.3	73
47	72.9
47.7	72.8
48.4	72.8
49.1	72.8
49.8	72.8
50.5	72.8
51.3	72.7
52	72.6
52.8	72.6
53.5	72.6
54.3	72.6
55.1	72.5
55.9	72.3
56.7	72.2
57.5	72.2
58.4	72.2
59.2	72.4
60.1	72.5
61	72.5
61.8	72.5
62.7	72.5
63.7	72.4
64.6	72.4
65.5	72.4
66.5	72.4
67.4	72.4
68.4	72.5
69.4	72.4
70.4	72.3
71.5	72
72.5	71.8
73.5	71.5
74.6	71.3
75.7	71.3
76.8	71.3
77.9	71.4
79.1	71.3
80.2	71.3
81.4	71.2
82.6	71
83.8	70.8
85	70.5
86.2	70.5
87.5	70.6
88.7	70.7
90	70.4
91.3	70.3
92.7	70.4
94	70.3
95.4	70.1
96.8	70.2
98.2	70.1
99.6	70
101	69.8
103	69.7
104	69.6
106	69.6
107	69.7
109	69.7
110	69.8
112	69.7
113	69.6
115	69.4
117	69.2
118	69.2
120	69.4
122	69.6
124	69.3
125	68.8
127	68.6
129	68.5
131	68.5
133	68.3
135	68.1
137	68
139	67.9
141	68
143	68.1
145	68
147	67.9
149	68.1
151	68.3
154	68.2
156	67.9
158	67.8
160	67.8
163	67.7
165	67.4
168	66.9
170	66.6
172	66.5
175	66.6
177	66.6
180	66.5
183	66.5
185	66.6
188	66.7
191	66.7
194	66.5
196	66.6
199	66.7
202	66.6
205	66.4
208	66.4
211	66.7
214	67.1
217	66.9
220	66.8
224	66.6
227	66.3
230	66.2
234	66.5
237	66.5
240	66.5
244	66.6
247	66.7
251	66.9
255	67
258	66.9
262	67
266	67.1
270	67
274	66.7
278	66.4
282	66.5
286	66.7
290	66.9
294	67.1
298	66.9
303	67
307	67.2
312	67.3
316	67.2
321	67.1
325	67.1
330	67.1
335	67.1
340	67.1
345	67.2
350	67.3
355	67.3
360	67.2
365	67.3
371	67.3
376	67.5
382	67.4
387	67.4
393	67.3
398	67.3
404	67.4
410	67.5
416	67.5
422	67.6
428	67.6
434	67.7
441	67.6
447	67.6
454	67.5
460	67.4
467	67.4
474	67.4
481	67.6
488	67.7
495	67.6
502	67.6
509	67.9
517	68.1
524	68
532	67.8
540	67.7
547	67.9
555	68.1
563	68.1
572	68.1
580	68
588	68.2
597	68
606	68
614	67.9
623	67.7
632	67.7
642	67.8
651	67.8
660	67.7
670	67.6
680	67.6
690	67.6
700	67.6
710	67.7
720	67.9
731	68
741	67.9
752	67.9
763	67.9
774	67.8
785	67.8
797	68
808	68
820	67.9
832	67.8
844	67.9
856	67.9
869	68
882	67.9
894	67.8
907	68
921	68.2
934	68.1
948	68.1
961	68.1
975	68
990	67.8
1004	67.8
1019	67.9
1033	68
1048	68.1
1064	68.2
1079	68.3
1095	68.4
1111	68.5
1127	68.6
1143	68.6
1160	68.8
1177	69
1194	69.2
1211	69.3
1229	69.4
1247	69.5
1265	69.5
1283	69.7
1302	69.8
1321	69.9
1340	69.9
1360	70
1379	70.1
1399	70.4
1420	70.5
1440	70.5
1461	70.7
1483	70.7
1504	70.7
1526	70.7
1548	70.7
1571	70.7
1594	70.8
1617	70.8
1640	70.7
1664	70.7
1688	70.7
1713	70.7
1738	70.8
1763	71
1789	71.1
1815	71.2
1841	71.3
1868	71.4
1895	71.4
1923	71.5
1951	71.5
1979	71.6
2008	71.6
2037	71.6
2067	71.7
2097	71.8
2127	71.8
2158	72
2190	72.1
2221	72.1
2254	72.3
2287	72.6
2320	72.7
2354	72.7
2388	72.8
2423	72.9
2458	73
2494	73.1
2530	73.2
2567	73.4
2604	73.6
2642	73.7
2680	73.8
2719	73.8
2759	73.9
2799	73.9
2840	73.9
2881	73.9
2923	73.9
2965	73.8
3008	73.8
3052	73.8
3097	73.7
3142	73.6
3187	73.5
3234	73.3
3281	73.3
3328	73.2
3377	73.1
3426	72.8
3476	72.7
3526	72.6
3578	72.4
3630	72.3
3682	72.2
3736	72
3790	71.8
3846	71.8
3901	71.6
3958	71.5
4016	71.5
4074	71.3
4133	71.2
4194	71.3
4255	71.4
4316	71.5
4379	71.6
4443	71.8
4508	71.9
4573	71.9
4640	71.8
4707	71.7
4776	71.7
4845	71.6
4916	71.5
4987	71.5
5060	71.3
5133	71.2
5208	71.1
5284	71
5360	70.8
5438	70.7
5518	70.5
5598	70.2
5679	70
5762	69.7
5846	69.5
5931	69.3
6017	69.1
6104	69
6193	68.8
6283	68.7
6375	68.6
6467	68.5
6561	68.4
6657	68.5
6754	68.4
6852	68.5
6952	68.5
7053	68.7
7155	68.8
7259	69.1
7365	69.5
7472	70
7581	70.6
7691	71.2
7803	71.7
7916	72
8032	72.1
8148	72
8267	71.7
8387	71.4
8509	71
8633	70.7
8758	70.4
8886	70.1
9015	69.9
9146	69.7
9279	69.6
9414	69.4
9551	69.3
9690	69.3
9831	69.4
9974	69.4
10119	69.4
10266	69.3
10416	69.2
10567	69.1
10721	69
10877	68.8
11035	68.6
11196	68.5
11358	68.3
11524	68.2
11691	68.1
11861	68.1
12034	68.1
12209	68.1
12386	68.2
12567	68.3
12749	68.4
12935	68.5
13123	68.8
13314	69.1
13507	69.5
13704	69.9
13903	70.2
14105	70.4
14311	70.5
14519	70.3
14730	69.9
14944	69.5
15162	69
15382	68.5
15606	68.3
15833	68
16063	67.7
16297	67.3
16534	67
16774	66.5
17018	66
17266	65.5
17517	65.1
17772	64.7
18030	64.2
18293	63.7
18559	63.2
18829	62.6
19102	61.9
19380	61.2
20000	60.7
overall dB	95.9 dB
decay	Average
averaging	1/12 Octave
source	Headset Microphone 1 Low Range
latitude	0
longitude	0
saved	2024/08/12 19:54
peak	16.1Hz
