FFT	AudioTools 	v17.12 (3) iPad battery  77%	2024/09/02 9:43	Headset Microphone 1 Low Range	EB05A3E2-10AC-49FE-A287-06AC06EBE5AD
Frequency	dB	Unweighted
19.5	74
19.8	74.1
20.1	74.1
20.3	74.2
20.6	74.3
20.9	74.3
21.2	74.4
21.6	74.4
21.9	74.4
22.2	74.4
22.5	74.3
22.8	74.3
23.2	74.3
23.5	74.2
23.8	74.2
24.2	74.2
24.5	74.2
24.9	74.2
25.3	74.2
25.6	74.2
26	74.2
26.4	74.3
26.8	74.3
27.2	74.3
27.5	74.4
28	74.4
28.4	74.4
28.8	74.5
29.2	74.5
29.6	74.6
30	74.6
30.5	74.6
30.9	74.6
31.4	74.6
31.8	74.6
32.3	74.6
32.8	74.5
33.2	74.5
33.7	74.5
34.2	74.4
34.7	74.4
35.2	74.4
35.7	74.4
36.2	74.5
36.8	74.5
37.3	74.5
37.9	74.5
38.4	74.5
39	74.5
39.5	74.6
40.1	74.6
40.7	74.6
41.3	74.6
41.9	74.7
42.5	74.7
43.1	74.7
43.7	74.6
44.4	74.6
45	74.5
45.7	74.3
46.3	74.2
47	74.1
47.7	74.1
48.4	74
49.1	74
49.8	73.9
50.5	73.9
51.3	73.8
52	73.7
52.8	73.7
53.5	73.6
54.3	73.6
55.1	73.6
55.9	73.6
56.7	73.7
57.5	73.7
58.4	73.8
59.2	73.8
60.1	73.8
61	73.7
61.8	73.7
62.7	73.6
63.7	73.6
64.6	73.5
65.5	73.5
66.5	73.4
67.4	73.3
68.4	73.2
69.4	73.1
70.4	73
71.5	72.9
72.5	72.8
73.5	72.7
74.6	72.7
75.7	72.7
76.8	72.6
77.9	72.5
79.1	72.5
80.2	72.4
81.4	72.2
82.6	72.1
83.8	72
85	71.9
86.2	71.8
87.5	71.8
88.7	71.7
90	71.6
91.3	71.6
92.7	71.6
94	71.5
95.4	71.5
96.8	71.4
98.2	71.4
99.6	71.3
101	71.2
103	71.2
104	71.1
106	71.1
107	71.1
109	71
110	71
112	71
113	70.9
115	70.8
117	70.7
118	70.6
120	70.5
122	70.3
124	70.1
125	69.9
127	69.8
129	69.7
131	69.6
133	69.5
135	69.4
137	69.4
139	69.4
141	69.4
143	69.4
145	69.4
147	69.3
149	69.2
151	69.1
154	69
156	68.8
158	68.7
160	68.6
163	68.5
165	68.4
168	68.3
170	68.3
172	68.2
175	68.1
177	68
180	68
183	67.9
185	67.9
188	67.9
191	67.8
194	67.8
196	67.8
199	67.8
202	67.7
205	67.6
208	67.6
211	67.6
214	67.5
217	67.4
220	67.4
224	67.4
227	67.3
230	67.3
234	67.3
237	67.3
240	67.3
244	67.3
247	67.3
251	67.3
255	67.2
258	67.2
262	67.2
266	67.1
270	67
274	66.9
278	66.8
282	66.8
286	66.9
290	66.9
294	66.9
298	66.8
303	66.9
307	66.9
312	66.8
316	66.8
321	66.8
325	66.8
330	66.8
335	66.7
340	66.7
345	66.6
350	66.6
355	66.6
360	66.6
365	66.6
371	66.6
376	66.7
382	66.7
387	66.7
393	66.7
398	66.7
404	66.8
410	66.8
416	66.8
422	66.8
428	66.8
434	66.7
441	66.7
447	66.7
454	66.7
460	66.7
467	66.7
474	66.7
481	66.8
488	66.8
495	66.9
502	66.9
509	67
517	67
524	67.1
532	67.1
540	67.1
547	67.2
555	67.2
563	67.2
572	67.1
580	67.1
588	67
597	67
606	67
614	67
623	66.9
632	67
642	67
651	67
660	67
670	66.9
680	67
690	67
700	67
710	67
720	67
731	67
741	66.9
752	66.9
763	66.9
774	66.9
785	66.9
797	67
808	66.9
820	66.9
832	66.9
844	67
856	67
869	66.9
882	66.9
894	66.9
907	67
921	67
934	67
948	66.9
961	67
975	67
990	67
1004	67
1019	67.1
1033	67.2
1048	67.2
1064	67.3
1079	67.3
1095	67.4
1111	67.5
1127	67.6
1143	67.7
1160	67.8
1177	68
1194	68.1
1211	68.2
1229	68.2
1247	68.3
1265	68.4
1283	68.5
1302	68.6
1321	68.6
1340	68.7
1360	68.9
1379	69
1399	69.1
1420	69.2
1440	69.2
1461	69.3
1483	69.4
1504	69.4
1526	69.4
1548	69.3
1571	69.3
1594	69.4
1617	69.4
1640	69.4
1664	69.4
1688	69.5
1713	69.6
1738	69.7
1763	69.7
1789	69.8
1815	69.9
1841	70
1868	70
1895	70.1
1923	70.2
1951	70.2
1979	70.3
2008	70.4
2037	70.4
2067	70.5
2097	70.6
2127	70.7
2158	70.8
2190	70.9
2221	71
2254	71.2
2287	71.3
2320	71.4
2354	71.5
2388	71.6
2423	71.8
2458	71.9
2494	72.1
2530	72.2
2567	72.3
2604	72.3
2642	72.4
2680	72.5
2719	72.5
2759	72.5
2799	72.5
2840	72.5
2881	72.5
2923	72.5
2965	72.4
3008	72.3
3052	72.3
3097	72.1
3142	72
3187	71.9
3234	71.8
3281	71.7
3328	71.6
3377	71.5
3426	71.4
3476	71.2
3526	71.1
3578	71
3630	70.9
3682	70.8
3736	70.7
3790	70.6
3846	70.5
3901	70.4
3958	70.3
4016	70.3
4074	70.2
4133	70.2
4194	70.2
4255	70.2
4316	70.2
4379	70.2
4443	70.3
4508	70.3
4573	70.3
4640	70.2
4707	70.2
4776	70.2
4845	70.1
4916	70.1
4987	70
5060	69.9
5133	69.8
5208	69.7
5284	69.6
5360	69.4
5438	69.3
5518	69.2
5598	69
5679	68.9
5762	68.7
5846	68.6
5931	68.5
6017	68.4
6104	68.4
6193	68.3
6283	68.3
6375	68.4
6467	68.4
6561	68.5
6657	68.6
6754	68.8
6852	68.9
6952	69.1
7053	69.3
7155	69.5
7259	69.7
7365	69.8
7472	69.9
7581	69.9
7691	69.8
7803	69.6
7916	69.4
8032	69.2
8148	69.1
8267	68.9
8387	68.7
8509	68.6
8633	68.5
8758	68.4
8886	68.3
9015	68.2
9146	68.1
9279	68
9414	68
9551	67.9
9690	67.9
9831	67.8
9974	67.7
10119	67.6
10266	67.5
10416	67.4
10567	67.3
10721	67.2
10877	67.1
11035	67
11196	67
11358	66.9
11524	66.9
11691	66.9
11861	66.9
12034	67
12209	67
12386	67.2
12567	67.3
12749	67.5
12935	67.7
13123	68
13314	68.2
13507	68.3
13704	68.4
13903	68.4
14105	68.3
14311	68.2
14519	68
14730	67.8
14944	67.7
15162	67.5
15382	67.2
15606	67
15833	66.8
16063	66.5
16297	66.2
16534	65.8
16774	65.4
17018	65.1
17266	64.6
17517	64.2
17772	63.8
18030	63.4
18293	62.9
18559	62.5
18829	62.1
19102	61.7
19380	61.4
20000	61.2
overall dB	96.3 dB
decay	Average
averaging	1/3 Octave
source	Headset Microphone 1 Low Range
latitude	0
longitude	0
saved	2024/09/02 9:43
peak	16.1Hz
