FFT	AudioTools 	v17.1 (89) iPad battery 100%	2024/01/08 21:26	Headset Microphone 1 Low Range	EB05A3E2-10AC-49FE-A287-06AC06EBE5AD
Frequency	dB	Unweighted
19.5	66.5
19.8	66.5
20.1	66.6
20.3	66.6
20.6	66.7
20.9	66.8
21.2	66.9
21.6	67
21.9	67.1
22.2	67.1
22.5	67.2
22.8	67.2
23.2	67.2
23.5	67.2
23.8	67.3
24.2	67.3
24.5	67.3
24.9	67.4
25.3	67.5
25.6	67.6
26	67.7
26.4	67.7
26.8	67.8
27.2	67.8
27.5	67.9
28	67.9
28.4	67.9
28.8	67.9
29.2	67.9
29.6	68
30	68
30.5	68.1
30.9	68.2
31.4	68.2
31.8	68.2
32.3	68.2
32.8	68.2
33.2	68.3
33.7	68.3
34.2	68.3
34.7	68.4
35.2	68.5
35.7	68.6
36.2	68.6
36.8	68.7
37.3	68.7
37.9	68.8
38.4	68.8
39	68.9
39.5	68.9
40.1	68.9
40.7	68.8
41.3	68.8
41.9	68.8
42.5	68.9
43.1	69
43.7	69.1
44.4	69.1
45	69.1
45.7	69
46.3	69
47	69
47.7	69.1
48.4	69.1
49.1	69.2
49.8	69.1
50.5	69.2
51.3	69.2
52	69.2
52.8	69.3
53.5	69.3
54.3	69.3
55.1	69.2
55.9	69.1
56.7	69.1
57.5	69.1
58.4	69.2
59.2	69.3
60.1	69.3
61	69.3
61.8	69.3
62.7	69.3
63.7	69.4
64.6	69.4
65.5	69.4
66.5	69.5
67.4	69.6
68.4	69.7
69.4	69.7
70.4	69.7
71.5	69.6
72.5	69.6
73.5	69.4
74.6	69.3
75.7	69.2
76.8	69.3
77.9	69.4
79.1	69.5
80.2	69.5
81.4	69.4
82.6	69.2
83.8	69.2
85	69.2
86.2	69.2
87.5	69.3
88.7	69.3
90	69.1
91.3	69.1
92.7	69.2
94	69.2
95.4	69.2
96.8	69.2
98.2	69.3
99.6	69.3
101	69.2
103	69.3
104	69.3
106	69.4
107	69.5
109	69.4
110	69.4
112	69.3
113	69.3
115	69.3
117	69.4
118	69.4
120	69.4
122	69.4
124	69.3
125	69.3
127	69.3
129	69.3
131	69.3
133	69.3
135	69.3
137	69.2
139	69.1
141	69.2
143	69.4
145	69.5
147	69.5
149	69.5
151	69.5
154	69.5
156	69.4
158	69.4
160	69.4
163	69.5
165	69.4
168	69.3
170	69.2
172	69.2
175	69.2
177	69.2
180	69.2
183	69.1
185	69.1
188	69
191	68.9
194	68.9
196	69
199	69
202	69
205	68.9
208	68.9
211	69.1
214	69.2
217	69
220	68.9
224	68.7
227	68.6
230	68.6
234	68.7
237	68.8
240	68.8
244	68.9
247	68.9
251	68.9
255	68.8
258	68.6
262	68.6
266	68.5
270	68.4
274	68.3
278	68.1
282	68.2
286	68.1
290	68.1
294	68.1
298	68.1
303	68
307	68
312	67.9
316	67.8
321	67.7
325	67.6
330	67.6
335	67.6
340	67.5
345	67.6
350	67.6
355	67.6
360	67.5
365	67.5
371	67.5
376	67.5
382	67.5
387	67.4
393	67.2
398	67.1
404	67.2
410	67.1
416	67
422	67
428	67.1
434	67
441	66.9
447	66.7
454	66.7
460	66.5
467	66.5
474	66.5
481	66.5
488	66.5
495	66.3
502	66.4
509	66.6
517	66.7
524	66.7
532	66.6
540	66.5
547	66.5
555	66.5
563	66.4
572	66.4
580	66.5
588	66.5
597	66.4
606	66.4
614	66.3
623	66.3
632	66.3
642	66.4
651	66.5
660	66.4
670	66.2
680	66.2
690	66.3
700	66.4
710	66.4
720	66.4
731	66.5
741	66.4
752	66.4
763	66.3
774	66.3
785	66.4
797	66.4
808	66.4
820	66.4
832	66.5
844	66.6
856	66.6
869	66.5
882	66.5
894	66.6
907	66.7
921	66.8
934	66.8
948	66.9
961	66.8
975	66.7
990	66.6
1004	66.6
1019	66.5
1033	66.5
1048	66.6
1064	66.5
1079	66.5
1095	66.6
1111	66.6
1127	66.5
1143	66.5
1160	66.4
1177	66.5
1194	66.5
1211	66.5
1229	66.5
1247	66.5
1265	66.6
1283	66.7
1302	66.7
1321	66.8
1340	66.8
1360	67
1379	67.1
1399	67.4
1420	67.5
1440	67.5
1461	67.7
1483	67.8
1504	68.1
1526	68.2
1548	68.4
1571	68.7
1594	68.9
1617	69.1
1640	69.2
1664	69.4
1688	69.6
1713	69.8
1738	70.1
1763	70.4
1789	70.6
1815	70.9
1841	71.2
1868	71.4
1895	71.6
1923	71.8
1951	72.1
1979	72.3
2008	72.6
2037	72.8
2067	73.2
2097	73.5
2127	73.7
2158	74
2190	74.3
2221	74.5
2254	74.7
2287	75
2320	75.3
2354	75.5
2388	75.6
2423	75.8
2458	75.9
2494	76
2530	76
2567	76.1
2604	76.1
2642	76.1
2680	76.1
2719	76
2759	75.9
2799	75.8
2840	75.6
2881	75.5
2923	75.3
2965	75.1
3008	74.8
3052	74.5
3097	74.2
3142	73.9
3187	73.6
3234	73.3
3281	73
3328	72.8
3377	72.5
3426	72.1
3476	71.8
3526	71.6
3578	71.4
3630	71.2
3682	71.1
3736	70.9
3790	70.7
3846	70.6
3901	70.5
3958	70.4
4016	70.4
4074	70.4
4133	70.3
4194	70.2
4255	70.1
4316	69.9
4379	69.7
4443	69.5
4508	69.3
4573	69
4640	68.7
4707	68.5
4776	68.3
4845	68.1
4916	67.9
4987	67.8
5060	67.7
5133	67.6
5208	67.6
5284	67.6
5360	67.8
5438	67.9
5518	68
5598	68.3
5679	68.7
5762	69
5846	69.4
5931	69.8
6017	70.2
6104	70.7
6193	71
6283	71.3
6375	71.7
6467	72
6561	72.4
6657	72.7
6754	73
6852	73.2
6952	73.4
7053	73.5
7155	73.7
7259	73.9
7365	74
7472	74
7581	73.9
7691	73.4
7803	72.6
7916	71.4
8032	70.2
8148	69.1
8267	67.8
8387	66.7
8509	65.8
8633	65.1
8758	64.6
8886	64.4
9015	64.4
9146	64.4
9279	64.2
9414	63.8
9551	63.5
9690	63.2
9831	63
9974	63.1
10119	63.3
10266	63.5
10416	64
10567	64.6
10721	65.4
10877	66.4
11035	67.2
11196	67.9
11358	68.2
11524	68.3
11691	68.7
11861	69
12034	69.2
12209	69
12386	68.4
12567	67.6
12749	67
12935	66.7
13123	66.8
13314	67
13507	66.7
13704	65.9
13903	64.9
14105	63.5
14311	62.4
14519	61.8
14730	61.5
14944	61.7
15162	62.1
15382	63.1
15606	63.2
15833	62.8
16063	62.2
16297	61.3
16534	60.6
16774	60.1
17018	59.7
17266	59.4
17517	59.1
17772	58.7
18030	58.3
18293	57.8
18559	57.3
18829	56.7
19102	55.9
19380	55.2
20000	54.7
overall dB	94.7 dB
decay	Average
averaging	1/12 Octave
source	Headset Microphone 1 Low Range
latitude	0
longitude	0
saved	2024/01/08 21:26
peak	22.0Hz
