FFT	AudioTools 	v17.6 (3) iPad battery  91%	2024/04/23 12:52	Headset Microphone 1 Low Range	EB05A3E2-10AC-49FE-A287-06AC06EBE5AD
Frequency	dB	Unweighted
19.5	73.3
19.8	73.3
20.1	73.2
20.3	73.2
20.6	73.2
20.9	73.2
21.2	73.3
21.6	73.3
21.9	73.4
22.2	73.4
22.5	73.5
22.8	73.5
23.2	73.5
23.5	73.6
23.8	73.6
24.2	73.7
24.5	73.8
24.9	73.9
25.3	74.1
25.6	74.2
26	74.3
26.4	74.3
26.8	74.3
27.2	74.3
27.5	74.3
28	74.3
28.4	74.3
28.8	74.3
29.2	74.3
29.6	74.4
30	74.6
30.5	74.7
30.9	74.8
31.4	74.9
31.8	74.9
32.3	75
32.8	75
33.2	75.1
33.7	75.1
34.2	75.1
34.7	75.1
35.2	75
35.7	74.9
36.2	74.8
36.8	74.7
37.3	74.7
37.9	74.7
38.4	74.6
39	74.4
39.5	74.3
40.1	74.2
40.7	74.1
41.3	74
41.9	73.9
42.5	73.9
43.1	73.8
43.7	73.8
44.4	73.7
45	73.6
45.7	73.5
46.3	73.3
47	73.1
47.7	73
48.4	73
49.1	72.9
49.8	72.9
50.5	72.9
51.3	72.8
52	72.7
52.8	72.6
53.5	72.5
54.3	72.5
55.1	72.4
55.9	72.4
56.7	72.3
57.5	72.2
58.4	72.1
59.2	72.1
60.1	72.1
61	72.2
61.8	72.3
62.7	72.3
63.7	72.3
64.6	72.2
65.5	72
66.5	71.8
67.4	71.8
68.4	71.9
69.4	71.8
70.4	71.7
71.5	71.5
72.5	71.3
73.5	71.1
74.6	70.8
75.7	70.7
76.8	70.7
77.9	70.8
79.1	70.9
80.2	70.9
81.4	71
82.6	71
83.8	71
85	71
86.2	71
87.5	71
88.7	71
90	70.9
91.3	70.9
92.7	70.9
94	70.9
95.4	70.8
96.8	70.9
98.2	70.9
99.6	70.9
101	70.8
103	70.5
104	70.3
106	70.2
107	70.1
109	69.9
110	69.8
112	69.6
113	69.4
115	69.3
117	69.2
118	69.2
120	69.3
122	69.4
124	69.3
125	69
127	68.7
129	68.5
131	68.4
133	68.4
135	68.4
137	68.3
139	68.1
141	68.2
143	68.1
145	67.9
147	67.7
149	67.8
151	67.9
154	67.9
156	67.7
158	67.6
160	67.5
163	67.6
165	67.5
168	67.3
170	67.1
172	67
175	67
177	67
180	67
183	67.1
185	67.2
188	67.1
191	67
194	66.8
196	66.8
199	66.9
202	66.8
205	66.6
208	66.5
211	66.4
214	66.4
217	66.2
220	66.1
224	66.1
227	65.9
230	65.7
234	65.8
237	65.8
240	65.7
244	65.5
247	65.6
251	65.8
255	65.6
258	65.5
262	65.5
266	65.5
270	65.4
274	65.3
278	65.2
282	65
286	65
290	65
294	65
298	65
303	65
307	65.1
312	65
316	64.9
321	64.8
325	64.8
330	64.8
335	64.7
340	64.5
345	64.4
350	64.5
355	64.4
360	64.2
365	64.2
371	64.2
376	64.2
382	64.2
387	64.2
393	64.3
398	64.4
404	64.5
410	64.5
416	64.5
422	64.4
428	64.3
434	64.3
441	64.1
447	64.1
454	64.2
460	64.4
467	64.4
474	64.2
481	64.1
488	64
495	64
502	64.2
509	64.3
517	64.4
524	64.4
532	64.3
540	64.1
547	64.2
555	64.4
563	64.6
572	64.6
580	64.4
588	64.3
597	64.3
606	64.3
614	64.2
623	64.1
632	64.3
642	64.4
651	64.4
660	64.3
670	64.2
680	64.3
690	64.5
700	64.5
710	64.4
720	64.4
731	64.6
741	64.6
752	64.6
763	64.6
774	64.7
785	64.7
797	64.7
808	64.7
820	64.8
832	64.9
844	64.9
856	64.9
869	64.9
882	64.9
894	65.1
907	65.2
921	65.3
934	65.4
948	65.4
961	65.5
975	65.5
990	65.4
1004	65.4
1019	65.4
1033	65.6
1048	65.8
1064	66
1079	66.1
1095	66.2
1111	66.2
1127	66.4
1143	66.5
1160	66.6
1177	66.8
1194	66.8
1211	66.9
1229	67
1247	67.1
1265	67.2
1283	67.3
1302	67.4
1321	67.5
1340	67.4
1360	67.5
1379	67.7
1399	67.9
1420	68
1440	68.2
1461	68.3
1483	68.4
1504	68.4
1526	68.6
1548	68.6
1571	68.7
1594	68.9
1617	68.9
1640	68.9
1664	68.9
1688	69
1713	69.1
1738	69.3
1763	69.5
1789	69.6
1815	69.7
1841	69.9
1868	70
1895	70.1
1923	70.3
1951	70.4
1979	70.5
2008	70.7
2037	70.9
2067	71
2097	71.1
2127	71.3
2158	71.5
2190	71.6
2221	71.7
2254	71.9
2287	72
2320	72.2
2354	72.3
2388	72.4
2423	72.6
2458	72.8
2494	72.9
2530	73
2567	73.2
2604	73.2
2642	73.2
2680	73.2
2719	73.2
2759	73.2
2799	73.3
2840	73.2
2881	73.1
2923	73.1
2965	73
3008	72.9
3052	72.7
3097	72.5
3142	72.4
3187	72.2
3234	72
3281	72
3328	72
3377	71.9
3426	71.8
3476	71.7
3526	71.5
3578	71.4
3630	71.3
3682	71.2
3736	71.1
3790	71.1
3846	71.1
3901	71
3958	70.9
4016	70.9
4074	70.8
4133	70.7
4194	70.7
4255	70.7
4316	70.7
4379	70.6
4443	70.5
4508	70.5
4573	70.5
4640	70.5
4707	70.4
4776	70.3
4845	70.3
4916	70.1
4987	70
5060	69.9
5133	69.8
5208	69.6
5284	69.6
5360	69.4
5438	69.1
5518	68.9
5598	68.8
5679	68.6
5762	68.4
5846	68.2
5931	68.1
6017	68
6104	67.9
6193	67.9
6283	67.9
6375	67.8
6467	67.8
6561	67.8
6657	67.8
6754	67.9
6852	68
6952	68
7053	68.1
7155	68.3
7259	68.5
7365	68.7
7472	68.9
7581	69
7691	69.1
7803	69.1
7916	69
8032	68.8
8148	68.7
8267	68.4
8387	68
8509	67.5
8633	67
8758	66.5
8886	66.1
9015	65.7
9146	65.4
9279	65.1
9414	64.9
9551	64.7
9690	64.5
9831	64.3
9974	64.2
10119	64
10266	64
10416	63.9
10567	63.9
10721	63.9
10877	64
11035	64.1
11196	64.2
11358	64.4
11524	64.7
11691	64.9
11861	65.1
12034	65.1
12209	64.9
12386	64.5
12567	64.2
12749	63.9
12935	63.7
13123	63.5
13314	63.4
13507	63.3
13704	63.3
13903	63.3
14105	63.4
14311	63.6
14519	63.8
14730	64.1
14944	64.5
15162	65.1
15382	65.9
15606	66.3
15833	66.3
16063	65.8
16297	64.9
16534	63.8
16774	62.7
17018	61.8
17266	61.2
17517	60.8
17772	60.6
18030	60.3
18293	59.9
18559	59.4
18829	58.9
19102	58.2
19380	57.5
20000	56.9
overall dB	95.7 dB
decay	Average
averaging	1/12 Octave
source	Headset Microphone 1 Low Range
latitude	0
longitude	0
saved	2024/04/23 12:52
peak	19.0Hz
