FFT	AudioTools 	v17.5 (101) iPad battery  67%	2024/04/04 15:39	Headset Microphone 1 Low Range	EB05A3E2-10AC-49FE-A287-06AC06EBE5AD
Frequency	dB	Unweighted
19.5	73.7
19.8	73.7
20.1	73.7
20.3	73.7
20.6	73.6
20.9	73.6
21.2	73.5
21.6	73.3
21.9	73.2
22.2	73.1
22.5	73
22.8	73
23.2	72.9
23.5	72.9
23.8	72.9
24.2	72.9
24.5	73
24.9	73
25.3	73.2
25.6	73.2
26	73.3
26.4	73.3
26.8	73.4
27.2	73.3
27.5	73.3
28	73.4
28.4	73.4
28.8	73.5
29.2	73.6
29.6	73.6
30	73.6
30.5	73.6
30.9	73.5
31.4	73.4
31.8	73.3
32.3	73.1
32.8	73
33.2	72.9
33.7	72.8
34.2	72.8
34.7	72.8
35.2	72.7
35.7	72.7
36.2	72.5
36.8	72.4
37.3	72.3
37.9	72.2
38.4	72
39	71.8
39.5	71.6
40.1	71.5
40.7	71.5
41.3	71.5
41.9	71.4
42.5	71.4
43.1	71.3
43.7	71.2
44.4	71.1
45	71
45.7	70.9
46.3	70.8
47	70.8
47.7	70.7
48.4	70.6
49.1	70.6
49.8	70.5
50.5	70.4
51.3	70.3
52	70.2
52.8	70.2
53.5	70.1
54.3	70.1
55.1	70
55.9	69.8
56.7	69.5
57.5	69.2
58.4	69
59.2	68.8
60.1	68.7
61	68.7
61.8	68.8
62.7	68.7
63.7	68.6
64.6	68.5
65.5	68.3
66.5	68.3
67.4	68.3
68.4	68.3
69.4	68.3
70.4	68.2
71.5	68.3
72.5	68.5
73.5	68.5
74.6	68.5
75.7	68.4
76.8	68.5
77.9	68.5
79.1	68.6
80.2	68.6
81.4	68.6
82.6	68.5
83.8	68.4
85	68.3
86.2	68.3
87.5	68.2
88.7	68.1
90	68.2
91.3	68.3
92.7	68.6
94	68.8
95.4	68.9
96.8	68.8
98.2	68.6
99.6	68.4
101	68.2
103	68
104	67.9
106	68
107	68.1
109	68.2
110	68.3
112	68.4
113	68.5
115	68.6
117	68.5
118	68.4
120	68.5
122	68.5
124	68.4
125	68.1
127	68
129	67.9
131	67.9
133	67.9
135	68.1
137	68.2
139	68
141	67.7
143	67.8
145	67.9
147	67.8
149	67.6
151	67.6
154	67.8
156	68
158	68.2
160	68.3
163	68.2
165	68.1
168	68.1
170	68.3
172	68.5
175	68.5
177	68.2
180	68.1
183	68.2
185	68.3
188	68.4
191	68.4
194	68.4
196	68.6
199	68.9
202	68.9
205	68.7
208	68.7
211	68.7
214	68.8
217	68.6
220	68.5
224	68.5
227	68.5
230	68.4
234	68.2
237	68.1
240	68.1
244	68
247	67.9
251	67.9
255	67.8
258	67.9
262	68.1
266	68.2
270	68.3
274	68.3
278	68.3
282	68.3
286	68.4
290	68.6
294	68.5
298	68.5
303	68.4
307	68.3
312	68.3
316	68.3
321	68.3
325	68.2
330	68.3
335	68.3
340	68.3
345	68.3
350	68.2
355	68
360	68
365	68.3
371	68.5
376	68.4
382	68.4
387	68.3
393	68.3
398	68.3
404	68.3
410	68.3
416	68.3
422	68.2
428	68.1
434	68.1
441	68.1
447	68.2
454	68.3
460	68.3
467	68.4
474	68.5
481	68.5
488	68.4
495	68.3
502	68.3
509	68.4
517	68.4
524	68.4
532	68.3
540	68.4
547	68.3
555	68.4
563	68.6
572	68.6
580	68.5
588	68.3
597	68.3
606	68.3
614	68.3
623	68.3
632	68.3
642	68.3
651	68.3
660	68.2
670	68.2
680	68.1
690	67.9
700	67.9
710	68
720	68
731	68.1
741	68
752	68
763	68
774	67.9
785	67.8
797	67.8
808	67.8
820	67.7
832	67.8
844	67.9
856	67.8
869	67.7
882	67.6
894	67.7
907	67.7
921	67.7
934	67.8
948	67.8
961	67.7
975	67.7
990	67.7
1004	67.7
1019	67.6
1033	67.7
1048	67.7
1064	67.8
1079	67.8
1095	67.9
1111	68
1127	68
1143	68.2
1160	68.2
1177	68.2
1194	68.2
1211	68.4
1229	68.4
1247	68.5
1265	68.5
1283	68.6
1302	68.7
1321	68.7
1340	68.8
1360	68.8
1379	68.8
1399	68.9
1420	68.9
1440	68.8
1461	68.8
1483	68.8
1504	68.8
1526	69
1548	69.1
1571	69.2
1594	69.2
1617	69.2
1640	69.2
1664	69.2
1688	69.3
1713	69.5
1738	69.6
1763	69.8
1789	69.9
1815	70.1
1841	70.2
1868	70.3
1895	70.4
1923	70.5
1951	70.6
1979	70.6
2008	70.7
2037	70.9
2067	71.1
2097	71.3
2127	71.4
2158	71.7
2190	71.8
2221	72.1
2254	72.3
2287	72.4
2320	72.7
2354	73
2388	73.3
2423	73.6
2458	73.9
2494	74.2
2530	74.5
2567	74.7
2604	74.9
2642	75.1
2680	75.1
2719	75.1
2759	75
2799	75
2840	74.9
2881	74.7
2923	74.7
2965	74.7
3008	74.6
3052	74.5
3097	74.4
3142	74.2
3187	74
3234	73.8
3281	73.6
3328	73.4
3377	73.4
3426	73.3
3476	73.2
3526	73.1
3578	73.1
3630	73
3682	73
3736	73
3790	72.9
3846	72.9
3901	72.9
3958	73
4016	72.9
4074	72.9
4133	72.9
4194	73
4255	73.1
4316	73.3
4379	73.4
4443	73.5
4508	73.6
4573	73.6
4640	73.6
4707	73.6
4776	73.5
4845	73.5
4916	73.4
4987	73.2
5060	73.1
5133	73
5208	72.8
5284	72.6
5360	72.5
5438	72.4
5518	72.3
5598	72.1
5679	72
5762	71.8
5846	71.6
5931	71.5
6017	71.4
6104	71.2
6193	71
6283	70.8
6375	70.8
6467	70.7
6561	70.8
6657	70.8
6754	70.9
6852	71
6952	71.1
7053	71.4
7155	71.7
7259	72
7365	72.4
7472	72.8
7581	73.3
7691	73.7
7803	73.9
7916	73.8
8032	73.5
8148	73.2
8267	72.7
8387	72.2
8509	71.7
8633	71.3
8758	70.9
8886	70.5
9015	70.2
9146	69.9
9279	69.7
9414	69.5
9551	69.4
9690	69.3
9831	69.3
9974	69.3
10119	69.2
10266	69.2
10416	69.2
10567	69.2
10721	69.2
10877	69.1
11035	69.1
11196	69.1
11358	69.1
11524	69.1
11691	69
11861	69
12034	68.9
12209	68.8
12386	68.6
12567	68.4
12749	68.3
12935	68.1
13123	68
13314	67.8
13507	67.8
13704	67.6
13903	67.6
14105	67.5
14311	67.5
14519	67.5
14730	67.5
14944	67.6
15162	67.7
15382	67.7
15606	67.6
15833	67.3
16063	67.2
16297	67.1
16534	67.1
16774	66.8
17018	66.4
17266	65.9
17517	65.5
17772	65.2
18030	64.8
18293	64.5
18559	64
18829	63.5
19102	63
19380	62.5
20000	62.1
overall dB	96.4 dB
decay	Average
averaging	1/12 Octave
source	Headset Microphone 1 Low Range
latitude	0
longitude	0
saved	2024/04/04 15:39
peak	19.0Hz
