FFT	AudioTools 	v17.4 (100) iPad battery 100%	2024/04/02 23:32	Headset Microphone 1 Low Range	EB05A3E2-10AC-49FE-A287-06AC06EBE5AD
Frequency	dB	Unweighted
19.5	72.3
19.8	72.3
20.1	72.4
20.3	72.4
20.6	72.4
20.9	72.4
21.2	72.4
21.6	72.3
21.9	72.3
22.2	72.4
22.5	72.4
22.8	72.5
23.2	72.6
23.5	72.7
23.8	72.8
24.2	72.9
24.5	73
24.9	73.1
25.3	73.2
25.6	73.2
26	73.3
26.4	73.3
26.8	73.4
27.2	73.4
27.5	73.4
28	73.4
28.4	73.4
28.8	73.4
29.2	73.4
29.6	73.5
30	73.5
30.5	73.5
30.9	73.6
31.4	73.7
31.8	73.8
32.3	73.9
32.8	73.9
33.2	73.9
33.7	74
34.2	74
34.7	74
35.2	74.1
35.7	74.1
36.2	74.2
36.8	74.2
37.3	74.3
37.9	74.3
38.4	74.2
39	74.2
39.5	74.2
40.1	74.3
40.7	74.4
41.3	74.4
41.9	74.5
42.5	74.4
43.1	74.3
43.7	74.1
44.4	74
45	73.9
45.7	73.8
46.3	73.7
47	73.6
47.7	73.5
48.4	73.5
49.1	73.4
49.8	73.4
50.5	73.3
51.3	73.3
52	73.2
52.8	73.2
53.5	73.2
54.3	73.3
55.1	73.3
55.9	73.3
56.7	73.3
57.5	73.4
58.4	73.5
59.2	73.4
60.1	73.4
61	73.3
61.8	73.1
62.7	72.9
63.7	72.8
64.6	72.6
65.5	72.5
66.5	72.5
67.4	72.5
68.4	72.4
69.4	72.4
70.4	72.4
71.5	72.5
72.5	72.5
73.5	72.5
74.6	72.5
75.7	72.5
76.8	72.5
77.9	72.6
79.1	72.5
80.2	72.3
81.4	72
82.6	71.8
83.8	71.8
85	71.9
86.2	71.9
87.5	71.8
88.7	71.8
90	72.1
91.3	72.1
92.7	72
94	71.8
95.4	71.7
96.8	71.7
98.2	71.6
99.6	71.3
101	71.1
103	71.1
104	71.2
106	71.3
107	71.2
109	71.1
110	71
112	70.9
113	70.9
115	70.8
117	70.8
118	70.7
120	70.8
122	71
124	71.3
125	71.2
127	70.9
129	70.6
131	70.5
133	70.3
135	70.2
137	70.2
139	70
141	70
143	70
145	70
147	70
149	69.9
151	69.7
154	69.6
156	69.7
158	69.8
160	69.7
163	69.7
165	69.7
168	69.7
170	69.6
172	69.6
175	69.5
177	69.5
180	69.5
183	69.5
185	69.5
188	69.5
191	69.4
194	69.2
196	69.1
199	69
202	68.9
205	69
208	69
211	69
214	69.2
217	69.2
220	69.1
224	69
227	69.2
230	69.1
234	68.9
237	68.8
240	68.7
244	68.7
247	68.8
251	68.9
255	68.9
258	68.8
262	68.6
266	68.5
270	68.6
274	68.5
278	68.4
282	68.3
286	68.3
290	68.4
294	68.4
298	68.5
303	68.6
307	68.7
312	68.7
316	68.5
321	68.4
325	68.5
330	68.5
335	68.6
340	68.7
345	68.5
350	68.3
355	68.3
360	68.4
365	68.4
371	68.4
376	68.3
382	68.3
387	68.3
393	68.3
398	68.3
404	68.4
410	68.4
416	68.3
422	68.3
428	68.3
434	68.3
441	68.2
447	68.3
454	68.4
460	68.5
467	68.4
474	68.4
481	68.4
488	68.3
495	68.1
502	68.1
509	68.1
517	68.1
524	68.2
532	68.3
540	68.2
547	68.1
555	68.1
563	68
572	68
580	68.1
588	68
597	68
606	68
614	68
623	68
632	67.9
642	67.9
651	67.9
660	67.8
670	67.8
680	67.9
690	67.9
700	67.9
710	68
720	68
731	68
741	68
752	67.8
763	67.8
774	67.8
785	67.8
797	67.9
808	67.8
820	67.9
832	68.1
844	68.1
856	68.1
869	68.1
882	68.2
894	68.2
907	68.2
921	68.2
934	68.2
948	68.2
961	68.2
975	68.2
990	68.2
1004	68.2
1019	68.3
1033	68.3
1048	68.3
1064	68.4
1079	68.5
1095	68.5
1111	68.5
1127	68.6
1143	68.7
1160	68.8
1177	68.9
1194	68.9
1211	69
1229	69
1247	69
1265	69.1
1283	69.2
1302	69.2
1321	69.3
1340	69.4
1360	69.4
1379	69.4
1399	69.4
1420	69.5
1440	69.6
1461	69.6
1483	69.8
1504	69.9
1526	70
1548	70
1571	70
1594	70
1617	70.1
1640	70.1
1664	70.2
1688	70.3
1713	70.3
1738	70.4
1763	70.5
1789	70.6
1815	70.8
1841	70.9
1868	71
1895	71
1923	71
1951	71.1
1979	71.2
2008	71.3
2037	71.4
2067	71.5
2097	71.6
2127	71.7
2158	71.9
2190	72
2221	72.1
2254	72.2
2287	72.3
2320	72.4
2354	72.4
2388	72.5
2423	72.6
2458	72.8
2494	72.9
2530	73
2567	73.1
2604	73.2
2642	73.3
2680	73.4
2719	73.5
2759	73.6
2799	73.7
2840	73.7
2881	73.7
2923	73.8
2965	73.9
3008	73.8
3052	73.9
3097	73.9
3142	74
3187	73.9
3234	73.9
3281	73.9
3328	73.9
3377	73.8
3426	73.8
3476	73.8
3526	73.7
3578	73.6
3630	73.6
3682	73.5
3736	73.4
3790	73.4
3846	73.3
3901	73.3
3958	73.2
4016	73.1
4074	73
4133	72.9
4194	72.8
4255	72.7
4316	72.6
4379	72.5
4443	72.5
4508	72.4
4573	72.2
4640	72.2
4707	72.1
4776	72.1
4845	72.1
4916	72
4987	72
5060	72
5133	71.9
5208	71.8
5284	71.7
5360	71.6
5438	71.6
5518	71.5
5598	71.5
5679	71.4
5762	71.4
5846	71.4
5931	71.4
6017	71.4
6104	71.4
6193	71.3
6283	71.3
6375	71.2
6467	71.1
6561	70.9
6657	70.9
6754	70.9
6852	70.9
6952	70.9
7053	71
7155	71.2
7259	71.3
7365	71.5
7472	71.6
7581	71.7
7691	71.8
7803	71.9
7916	71.9
8032	71.9
8148	71.8
8267	71.6
8387	71.3
8509	70.9
8633	70.7
8758	70.5
8886	70.3
9015	70.1
9146	69.8
9279	69.6
9414	69.3
9551	69.1
9690	69
9831	68.9
9974	68.8
10119	68.7
10266	68.7
10416	68.7
10567	68.7
10721	68.7
10877	68.7
11035	68.7
11196	68.5
11358	68.4
11524	68.4
11691	68.3
11861	68.2
12034	68.1
12209	68
12386	67.9
12567	67.8
12749	67.8
12935	67.7
13123	67.6
13314	67.6
13507	67.6
13704	67.5
13903	67.5
14105	67.5
14311	67.6
14519	67.6
14730	67.8
14944	68
15162	68.4
15382	69.4
15606	70.2
15833	71
16063	71.4
16297	71.1
16534	70.3
16774	69.3
17018	68.4
17266	67.5
17517	66.9
17772	66.4
18030	66.1
18293	65.7
18559	65.3
18829	64.8
19102	64.2
19380	63.5
20000	62.9
overall dB	96.4 dB
decay	Average
averaging	1/12 Octave
source	Headset Microphone 1 Low Range
latitude	0
longitude	0
saved	2024/04/02 23:32
peak	19.0Hz
