FFT	AudioTools 	v17.4 (100) iPad battery 100%	2024/04/02 14:22	Headset Microphone 1 Low Range	EB05A3E2-10AC-49FE-A287-06AC06EBE5AD
Frequency	dB	Unweighted
19.5	72.9
19.8	72.9
20.1	72.8
20.3	72.8
20.6	72.8
20.9	72.7
21.2	72.7
21.6	72.8
21.9	72.8
22.2	72.8
22.5	72.9
22.8	73
23.2	73
23.5	73.1
23.8	73.2
24.2	73.2
24.5	73.2
24.9	73.3
25.3	73.2
25.6	73.2
26	73.2
26.4	73.2
26.8	73.3
27.2	73.4
27.5	73.5
28	73.6
28.4	73.7
28.8	73.8
29.2	73.8
29.6	73.7
30	73.6
30.5	73.4
30.9	73.2
31.4	73.1
31.8	72.9
32.3	72.7
32.8	72.5
33.2	72.4
33.7	72.4
34.2	72.4
34.7	72.4
35.2	72.3
35.7	72.2
36.2	71.9
36.8	71.7
37.3	71.6
37.9	71.6
38.4	71.5
39	71.4
39.5	71.2
40.1	71.2
40.7	71.1
41.3	71.1
41.9	71.1
42.5	71.1
43.1	71.1
43.7	71.2
44.4	71.2
45	71.1
45.7	71
46.3	70.8
47	70.5
47.7	70.2
48.4	70
49.1	69.9
49.8	69.9
50.5	69.9
51.3	69.9
52	69.9
52.8	69.9
53.5	69.7
54.3	69.5
55.1	69.3
55.9	69.1
56.7	68.8
57.5	68.6
58.4	68.5
59.2	68.5
60.1	68.5
61	68.6
61.8	68.7
62.7	68.7
63.7	68.7
64.6	68.7
65.5	68.7
66.5	68.6
67.4	68.3
68.4	67.9
69.4	67.6
70.4	67.5
71.5	67.7
72.5	68
73.5	68.3
74.6	68.5
75.7	68.6
76.8	68.4
77.9	68.3
79.1	68.3
80.2	68.3
81.4	68.3
82.6	68.1
83.8	68
85	68.1
86.2	68.2
87.5	68.1
88.7	68
90	67.8
91.3	67.7
92.7	67.6
94	67.6
95.4	67.6
96.8	67.8
98.2	68
99.6	68.1
101	68.2
103	68.3
104	68.4
106	68.5
107	68.5
109	68.5
110	68.6
112	68.7
113	68.7
115	68.7
117	68.6
118	68.7
120	68.9
122	68.8
124	68.6
125	68.7
127	68.8
129	68.8
131	68.9
133	68.9
135	68.9
137	68.8
139	68.7
141	68.6
143	68.5
145	68.6
147	68.7
149	68.8
151	68.7
154	68.8
156	69
158	69.1
160	69
163	68.8
165	68.7
168	68.6
170	68.4
172	68.5
175	68.8
177	68.8
180	68.8
183	68.7
185	68.5
188	68.7
191	68.9
194	68.8
196	68.7
199	68.8
202	69
205	69
208	69
211	69
214	68.8
217	68.7
220	68.7
224	68.6
227	68.7
230	68.7
234	68.9
237	68.9
240	68.9
244	69
247	68.9
251	68.9
255	68.8
258	68.8
262	68.7
266	68.5
270	68.5
274	68.6
278	68.6
282	68.7
286	68.6
290	68.6
294	68.6
298	68.8
303	68.9
307	68.9
312	68.8
316	68.6
321	68.6
325	68.5
330	68.5
335	68.5
340	68.6
345	68.7
350	68.8
355	68.7
360	68.4
365	68.3
371	68.3
376	68.4
382	68.6
387	68.7
393	68.6
398	68.5
404	68.4
410	68.2
416	68.1
422	68.1
428	68.1
434	68
441	68.1
447	68.1
454	68.1
460	68
467	67.8
474	67.9
481	68.1
488	68.2
495	68.3
502	68.2
509	68.2
517	68.2
524	68
532	67.9
540	67.9
547	67.8
555	67.9
563	67.9
572	67.9
580	67.9
588	67.8
597	67.8
606	67.8
614	67.8
623	67.9
632	67.9
642	67.9
651	67.8
660	67.8
670	67.7
680	67.7
690	67.6
700	67.6
710	67.5
720	67.5
731	67.6
741	67.6
752	67.7
763	67.7
774	67.6
785	67.5
797	67.5
808	67.5
820	67.6
832	67.6
844	67.6
856	67.6
869	67.7
882	67.6
894	67.6
907	67.7
921	67.7
934	67.8
948	67.8
961	67.8
975	67.9
990	67.9
1004	67.9
1019	67.8
1033	67.9
1048	67.9
1064	68.1
1079	68.2
1095	68.3
1111	68.3
1127	68.4
1143	68.6
1160	68.7
1177	68.9
1194	68.9
1211	68.9
1229	69
1247	69.1
1265	69.1
1283	69.1
1302	69.1
1321	69.3
1340	69.4
1360	69.5
1379	69.5
1399	69.5
1420	69.5
1440	69.6
1461	69.6
1483	69.7
1504	69.7
1526	69.8
1548	69.9
1571	70
1594	70
1617	70.1
1640	70.1
1664	70.3
1688	70.2
1713	70.2
1738	70.3
1763	70.4
1789	70.5
1815	70.7
1841	70.8
1868	70.8
1895	70.9
1923	71
1951	71.1
1979	71.3
2008	71.4
2037	71.5
2067	71.6
2097	71.6
2127	71.7
2158	71.9
2190	72.1
2221	72.2
2254	72.3
2287	72.5
2320	72.6
2354	72.8
2388	73
2423	73.3
2458	73.4
2494	73.6
2530	73.8
2567	74.1
2604	74.4
2642	74.6
2680	74.8
2719	75
2759	75.2
2799	75.4
2840	75.6
2881	75.7
2923	75.8
2965	75.8
3008	75.8
3052	75.9
3097	75.8
3142	75.8
3187	75.7
3234	75.6
3281	75.5
3328	75.4
3377	75.3
3426	75.2
3476	75.1
3526	75
3578	74.8
3630	74.7
3682	74.6
3736	74.5
3790	74.4
3846	74.3
3901	74.2
3958	74.1
4016	74
4074	74
4133	73.8
4194	73.7
4255	73.6
4316	73.5
4379	73.5
4443	73.5
4508	73.5
4573	73.4
4640	73.3
4707	73.2
4776	73.2
4845	73.2
4916	73.2
4987	73.2
5060	73.1
5133	73.1
5208	72.9
5284	72.8
5360	72.7
5438	72.6
5518	72.4
5598	72.3
5679	72.3
5762	72.1
5846	72.1
5931	72
6017	71.9
6104	71.9
6193	71.8
6283	71.6
6375	71.5
6467	71.4
6561	71.3
6657	71.2
6754	71.2
6852	71.2
6952	71.3
7053	71.3
7155	71.4
7259	71.5
7365	71.6
7472	71.6
7581	71.7
7691	71.7
7803	71.7
7916	71.7
8032	71.8
8148	71.7
8267	71.6
8387	71.4
8509	71.2
8633	70.9
8758	70.8
8886	70.6
9015	70.4
9146	70.1
9279	69.8
9414	69.5
9551	69.3
9690	69.1
9831	69
9974	68.9
10119	68.8
10266	68.8
10416	68.7
10567	68.7
10721	68.6
10877	68.5
11035	68.4
11196	68.3
11358	68.2
11524	68
11691	67.9
11861	67.8
12034	67.6
12209	67.5
12386	67.4
12567	67.3
12749	67.2
12935	67.1
13123	67.1
13314	67
13507	66.9
13704	66.8
13903	66.8
14105	66.7
14311	66.6
14519	66.6
14730	66.6
14944	66.7
15162	66.8
15382	67.4
15606	68.1
15833	68.9
16063	69.6
16297	69.7
16534	69.3
16774	68.4
17018	67.5
17266	66.7
17517	66
17772	65.5
18030	65.1
18293	64.8
18559	64.4
18829	64
19102	63.4
19380	62.8
20000	62.3
overall dB	96.1 dB
decay	Average
averaging	1/12 Octave
source	Headset Microphone 1 Low Range
latitude	0
longitude	0
saved	2024/04/02 14:22
peak	17.6Hz
