FFT	AudioTools 	v17.4 (100) iPad battery 100%	2024/04/02 14:17	Headset Microphone 1 Low Range	EB05A3E2-10AC-49FE-A287-06AC06EBE5AD
Frequency	dB	Unweighted
19.5	73.5
19.8	73.6
20.1	73.7
20.3	73.8
20.6	73.8
20.9	73.9
21.2	74
21.6	74
21.9	74.1
22.2	74.1
22.5	74.2
22.8	74.3
23.2	74.4
23.5	74.5
23.8	74.6
24.2	74.7
24.5	74.8
24.9	74.9
25.3	75.1
25.6	75.2
26	75.3
26.4	75.3
26.8	75.4
27.2	75.4
27.5	75.4
28	75.4
28.4	75.5
28.8	75.5
29.2	75.6
29.6	75.6
30	75.6
30.5	75.6
30.9	75.5
31.4	75.4
31.8	75.3
32.3	75.2
32.8	75.2
33.2	75.2
33.7	75.2
34.2	75.3
34.7	75.4
35.2	75.5
35.7	75.6
36.2	75.6
36.8	75.6
37.3	75.5
37.9	75.4
38.4	75.2
39	75.1
39.5	75
40.1	75
40.7	75
41.3	75.1
41.9	75.2
42.5	75.4
43.1	75.5
43.7	75.5
44.4	75.4
45	75.2
45.7	75.1
46.3	75
47	75
47.7	75.1
48.4	75.1
49.1	75
49.8	74.9
50.5	74.9
51.3	74.9
52	74.8
52.8	74.6
53.5	74.4
54.3	74.3
55.1	74.2
55.9	74.3
56.7	74.5
57.5	74.5
58.4	74.5
59.2	74.4
60.1	74.3
61	74.3
61.8	74.3
62.7	74.3
63.7	74.2
64.6	74.2
65.5	74.1
66.5	73.9
67.4	73.6
68.4	73.3
69.4	73.2
70.4	73.2
71.5	73.3
72.5	73.5
73.5	73.6
74.6	73.6
75.7	73.4
76.8	73.2
77.9	73
79.1	72.9
80.2	73
81.4	73
82.6	73
83.8	72.9
85	72.7
86.2	72.4
87.5	72.2
88.7	72.2
90	72.2
91.3	72.1
92.7	71.9
94	71.7
95.4	71.6
96.8	71.5
98.2	71.5
99.6	71.6
101	71.7
103	71.6
104	71.4
106	71.3
107	71.3
109	71.4
110	71.5
112	71.5
113	71.3
115	71
117	70.7
118	70.6
120	70.6
122	70.6
124	70.7
125	70.8
127	70.7
129	70.5
131	70.3
133	70.1
135	69.9
137	69.6
139	69.1
141	68.8
143	68.6
145	68.7
147	68.8
149	68.9
151	68.8
154	68.6
156	68.4
158	68.3
160	68.1
163	68.1
165	68.1
168	68.1
170	68.1
172	68
175	67.8
177	67.7
180	67.7
183	67.5
185	67.2
188	67
191	66.9
194	66.9
196	67
199	67
202	67
205	67
208	66.9
211	66.6
214	66.5
217	66.6
220	66.6
224	66.5
227	66.5
230	66.6
234	66.5
237	66.3
240	66.1
244	66.2
247	66.3
251	66.2
255	66.1
258	66.2
262	66
266	66.1
270	66.1
274	66.2
278	66.1
282	66
286	65.8
290	65.7
294	65.7
298	65.7
303	65.6
307	65.4
312	65.4
316	65.4
321	65.3
325	65.4
330	65.5
335	65.5
340	65.3
345	65.1
350	65.1
355	65.2
360	65.3
365	65.3
371	65.2
376	65.2
382	65.3
387	65.4
393	65.3
398	65.2
404	65.1
410	65
416	65
422	65
428	65
434	65
441	65.1
447	65
454	64.9
460	64.9
467	64.9
474	64.7
481	64.6
488	64.5
495	64.4
502	64.6
509	64.6
517	64.7
524	64.6
532	64.5
540	64.5
547	64.4
555	64.4
563	64.4
572	64.3
580	64.4
588	64.6
597	64.6
606	64.7
614	64.6
623	64.6
632	64.5
642	64.5
651	64.5
660	64.6
670	64.7
680	64.7
690	64.7
700	64.5
710	64.4
720	64.4
731	64.5
741	64.6
752	64.6
763	64.6
774	64.6
785	64.6
797	64.6
808	64.6
820	64.5
832	64.4
844	64.4
856	64.4
869	64.3
882	64.2
894	64.2
907	64.2
921	64.3
934	64.3
948	64.3
961	64.4
975	64.5
990	64.5
1004	64.5
1019	64.5
1033	64.5
1048	64.5
1064	64.6
1079	64.6
1095	64.7
1111	64.8
1127	64.9
1143	65.1
1160	65.2
1177	65.2
1194	65.2
1211	65.2
1229	65.3
1247	65.4
1265	65.5
1283	65.5
1302	65.5
1321	65.5
1340	65.5
1360	65.6
1379	65.6
1399	65.7
1420	65.6
1440	65.8
1461	66.1
1483	66.1
1504	66
1526	66.1
1548	66.2
1571	66.3
1594	66.2
1617	66.1
1640	66.2
1664	66.3
1688	66.3
1713	66.4
1738	66.5
1763	66.6
1789	66.7
1815	66.9
1841	66.9
1868	67.1
1895	67.2
1923	67.2
1951	67.2
1979	67.3
2008	67.5
2037	67.6
2067	67.7
2097	67.8
2127	67.9
2158	68
2190	68.2
2221	68.4
2254	68.5
2287	68.5
2320	68.6
2354	68.8
2388	68.9
2423	69
2458	69.1
2494	69.2
2530	69.4
2567	69.6
2604	69.7
2642	69.8
2680	70
2719	70.1
2759	70.2
2799	70.2
2840	70.2
2881	70.3
2923	70.3
2965	70.4
3008	70.5
3052	70.6
3097	70.6
3142	70.7
3187	70.7
3234	70.7
3281	70.6
3328	70.5
3377	70.5
3426	70.5
3476	70.4
3526	70.4
3578	70.4
3630	70.4
3682	70.4
3736	70.4
3790	70.3
3846	70.2
3901	70.1
3958	70
4016	69.9
4074	69.7
4133	69.6
4194	69.6
4255	69.4
4316	69.3
4379	69.2
4443	69.1
4508	69
4573	68.9
4640	68.8
4707	68.8
4776	68.7
4845	68.7
4916	68.6
4987	68.5
5060	68.3
5133	68.2
5208	68
5284	68
5360	67.9
5438	67.9
5518	67.8
5598	67.8
5679	67.8
5762	67.7
5846	67.7
5931	67.7
6017	67.7
6104	67.7
6193	67.7
6283	67.6
6375	67.4
6467	67.3
6561	67.2
6657	67.1
6754	67.2
6852	67.1
6952	67.2
7053	67.2
7155	67.4
7259	67.5
7365	67.7
7472	67.8
7581	68
7691	68.2
7803	68.4
7916	68.5
8032	68.5
8148	68.4
8267	68.2
8387	67.9
8509	67.6
8633	67.3
8758	67.2
8886	66.9
9015	66.7
9146	66.3
9279	65.9
9414	65.5
9551	65.2
9690	65
9831	64.8
9974	64.7
10119	64.7
10266	64.7
10416	64.7
10567	64.6
10721	64.6
10877	64.6
11035	64.5
11196	64.4
11358	64.2
11524	64.1
11691	64
11861	63.8
12034	63.7
12209	63.6
12386	63.5
12567	63.4
12749	63.3
12935	63.2
13123	63.2
13314	63.2
13507	63.2
13704	63.2
13903	63.2
14105	63.2
14311	63.3
14519	63.4
14730	63.7
14944	64
15162	64.6
15382	65.8
15606	67
15833	68.3
16063	69.3
16297	69.8
16534	69.4
16774	68.3
17018	67
17266	65.7
17517	64.7
17772	63.9
18030	63.4
18293	63.1
18559	62.9
18829	62.6
19102	62.2
19380	61.5
20000	60.8
overall dB	95.9 dB
decay	Average
averaging	1/12 Octave
source	Headset Microphone 1 Low Range
latitude	0
longitude	0
saved	2024/04/02 14:17
peak	26.4Hz
