FFT	AudioTools 	v17.8 (3) iPad battery 100%	2024/05/21 19:40	Headset Microphone 1 Low Range	EB05A3E2-10AC-49FE-A287-06AC06EBE5AD
Frequency	dB	Unweighted
19.5	58.8
19.8	58.9
20.1	58.9
20.3	59
20.6	59.1
20.9	59.2
21.2	59.3
21.6	59.4
21.9	59.4
22.2	59.5
22.5	59.5
22.8	59.4
23.2	59.4
23.5	59.4
23.8	59.4
24.2	59.4
24.5	59.4
24.9	59.4
25.3	59.4
25.6	59.4
26	59.4
26.4	59.4
26.8	59.4
27.2	59.4
27.5	59.4
28	59.4
28.4	59.4
28.8	59.3
29.2	59.3
29.6	59.3
30	59.3
30.5	59.3
30.9	59.3
31.4	59.3
31.8	59.3
32.3	59.3
32.8	59.3
33.2	59.4
33.7	59.4
34.2	59.4
34.7	59.4
35.2	59.4
35.7	59.4
36.2	59.3
36.8	59.3
37.3	59.2
37.9	59.1
38.4	59.1
39	59.1
39.5	59.1
40.1	59
40.7	58.9
41.3	58.8
41.9	58.8
42.5	58.8
43.1	58.9
43.7	58.9
44.4	58.9
45	58.7
45.7	58.6
46.3	58.5
47	58.5
47.7	58.6
48.4	58.6
49.1	58.6
49.8	58.6
50.5	58.6
51.3	58.7
52	58.7
52.8	58.6
53.5	58.5
54.3	58.3
55.1	58.1
55.9	58
56.7	58
57.5	58
58.4	58
59.2	57.8
60.1	57.8
61	57.7
61.8	57.7
62.7	57.6
63.7	57.5
64.6	57.4
65.5	57.3
66.5	57.2
67.4	57.3
68.4	57.3
69.4	57.3
70.4	57.3
71.5	57.3
72.5	57.2
73.5	57.1
74.6	57
75.7	56.8
76.8	56.7
77.9	56.7
79.1	56.6
80.2	56.4
81.4	56.3
82.6	56.1
83.8	56
85	55.8
86.2	55.7
87.5	55.7
88.7	55.8
90	55.7
91.3	55.5
92.7	55.4
94	55.3
95.4	55.1
96.8	55
98.2	55
99.6	54.9
101	54.8
103	54.8
104	54.7
106	54.7
107	54.6
109	54.5
110	54.4
112	54.3
113	54.2
115	54.1
117	54
118	53.9
120	54
122	54.1
124	53.9
125	53.7
127	53.6
129	53.7
131	53.7
133	53.5
135	53.3
137	53.2
139	53
141	52.9
143	52.8
145	52.6
147	52.5
149	52.4
151	52.3
154	52.3
156	52.4
158	52.5
160	52.6
163	52.7
165	52.6
168	52.5
170	52.5
172	52.4
175	52.4
177	52.5
180	52.6
183	52.6
185	52.5
188	52.4
191	52.4
194	52.4
196	52.4
199	52.3
202	52.2
205	52.2
208	52.1
211	52.1
214	52
217	52.1
220	52.1
224	52
227	51.9
230	51.9
234	51.9
237	51.9
240	51.8
244	51.8
247	51.8
251	51.7
255	51.7
258	51.7
262	51.7
266	51.6
270	51.7
274	51.8
278	51.8
282	51.8
286	51.8
290	51.8
294	51.9
298	51.9
303	51.8
307	51.8
312	51.8
316	51.8
321	51.8
325	51.9
330	51.9
335	51.8
340	51.7
345	51.6
350	51.7
355	51.8
360	51.8
365	51.8
371	51.9
376	51.8
382	51.7
387	51.7
393	51.7
398	51.7
404	51.8
410	51.8
416	51.7
422	51.7
428	51.8
434	51.8
441	51.8
447	51.8
454	51.8
460	51.8
467	51.8
474	51.7
481	51.7
488	51.7
495	51.6
502	51.7
509	51.7
517	51.7
524	51.7
532	51.7
540	51.7
547	51.8
555	51.7
563	51.7
572	51.6
580	51.6
588	51.6
597	51.5
606	51.5
614	51.5
623	51.4
632	51.4
642	51.4
651	51.4
660	51.4
670	51.3
680	51.3
690	51.2
700	51.2
710	51.3
720	51.3
731	51.3
741	51.3
752	51.3
763	51.3
774	51.2
785	51.2
797	51.2
808	51.2
820	51.1
832	51.1
844	51.1
856	51.2
869	51.2
882	51.3
894	51.3
907	51.4
921	51.3
934	51.4
948	51.5
961	51.5
975	51.5
990	51.7
1004	51.7
1019	51.8
1033	51.9
1048	52
1064	52.1
1079	52.2
1095	52.4
1111	52.5
1127	52.7
1143	52.8
1160	52.9
1177	53.1
1194	53.3
1211	53.4
1229	53.6
1247	53.7
1265	53.9
1283	54
1302	54.2
1321	54.3
1340	54.5
1360	54.6
1379	54.7
1399	54.8
1420	54.9
1440	55
1461	55.1
1483	55.2
1504	55.2
1526	55.3
1548	55.4
1571	55.5
1594	55.5
1617	55.6
1640	55.6
1664	55.7
1688	55.8
1713	55.9
1738	56
1763	56.1
1789	56.1
1815	56.2
1841	56.3
1868	56.3
1895	56.4
1923	56.5
1951	56.6
1979	56.7
2008	56.8
2037	56.8
2067	56.9
2097	57
2127	57
2158	57.1
2190	57.2
2221	57.3
2254	57.4
2287	57.4
2320	57.5
2354	57.6
2388	57.6
2423	57.6
2458	57.7
2494	57.8
2530	57.9
2567	57.9
2604	58
2642	58
2680	58
2719	58
2759	57.9
2799	57.8
2840	57.7
2881	57.5
2923	57.4
2965	57.3
3008	57.2
3052	57
3097	56.9
3142	56.8
3187	56.7
3234	56.6
3281	56.5
3328	56.5
3377	56.4
3426	56.4
3476	56.4
3526	56.3
3578	56.3
3630	56.3
3682	56.3
3736	56.4
3790	56.4
3846	56.5
3901	56.5
3958	56.5
4016	56.6
4074	56.6
4133	56.7
4194	56.8
4255	56.8
4316	56.9
4379	57
4443	57.1
4508	57.3
4573	57.4
4640	57.5
4707	57.6
4776	57.7
4845	57.7
4916	57.6
4987	57.4
5060	57.3
5133	57.1
5208	56.8
5284	56.5
5360	56.2
5438	56
5518	55.7
5598	55.4
5679	55.2
5762	54.9
5846	54.7
5931	54.4
6017	54.2
6104	54
6193	53.7
6283	53.5
6375	53.3
6467	53
6561	52.7
6657	52.6
6754	52.5
6852	52.4
6952	52.4
7053	52.5
7155	52.7
7259	52.9
7365	53.2
7472	53.5
7581	53.9
7691	54.3
7803	54.7
7916	55
8032	55.2
8148	55.2
8267	55.2
8387	54.9
8509	54.6
8633	54.1
8758	53.7
8886	53.2
9015	52.7
9146	52.4
9279	52.1
9414	51.9
9551	51.9
9690	52
9831	52.2
9974	52.6
10119	53
10266	53.1
10416	53
10567	52.6
10721	52
10877	51.3
11035	50.6
11196	50.1
11358	49.7
11524	49.4
11691	49
11861	48.6
12034	48.2
12209	47.7
12386	47.3
12567	47
12749	46.8
12935	46.8
13123	46.9
13314	47.2
13507	47.6
13704	47.9
13903	48
14105	47.9
14311	47.6
14519	47.1
14730	46.5
14944	46
15162	45.8
15382	45.4
15606	45.2
15833	44.8
16063	43.8
16297	43
16534	43.3
16774	44.8
17018	45.4
17266	43.9
17517	41.4
17772	38.7
18030	35.6
18293	31.9
18559	27.4
18829	22.4
19102	17.3
19380	13.1
20000	10.3
overall dB	79.9 dB
decay	Average
averaging	1/12 Octave
source	Headset Microphone 1 Low Range
latitude	0
longitude	0
saved	2024/05/21 19:40
peak	22.0Hz
