FFT	AudioTools 	v17.2 (94) iPad battery 100%	2024/01/20 13:14	Headset Microphone 1 Low Range	EB05A3E2-10AC-49FE-A287-06AC06EBE5AD
Frequency	dB	Unweighted
19.5	70.4
19.8	70.5
20.1	70.5
20.3	70.6
20.6	70.7
20.9	70.9
21.2	71
21.6	71.1
21.9	71.2
22.2	71.3
22.5	71.3
22.8	71.4
23.2	71.4
23.5	71.4
23.8	71.5
24.2	71.5
24.5	71.6
24.9	71.7
25.3	71.8
25.6	71.9
26	71.9
26.4	72
26.8	72
27.2	72
27.5	72
28	71.9
28.4	71.9
28.8	72
29.2	72
29.6	72.1
30	72.2
30.5	72.3
30.9	72.4
31.4	72.5
31.8	72.6
32.3	72.7
32.8	72.8
33.2	72.8
33.7	72.8
34.2	72.8
34.7	72.8
35.2	72.7
35.7	72.7
36.2	72.7
36.8	72.7
37.3	72.7
37.9	72.7
38.4	72.7
39	72.8
39.5	72.7
40.1	72.7
40.7	72.5
41.3	72.4
41.9	72.4
42.5	72.4
43.1	72.6
43.7	72.8
44.4	72.9
45	73
45.7	72.9
46.3	72.7
47	72.6
47.7	72.5
48.4	72.4
49.1	72.3
49.8	72.3
50.5	72.3
51.3	72.3
52	72.4
52.8	72.4
53.5	72.4
54.3	72.4
55.1	72.3
55.9	72.1
56.7	72
57.5	72
58.4	72
59.2	72.1
60.1	72.2
61	72.3
61.8	72.3
62.7	72.1
63.7	72
64.6	72
65.5	71.9
66.5	71.9
67.4	71.9
68.4	71.9
69.4	71.7
70.4	71.6
71.5	71.5
72.5	71.3
73.5	71.1
74.6	71
75.7	71
76.8	71.2
77.9	71.3
79.1	71.3
80.2	71.3
81.4	71.1
82.6	70.9
83.8	70.6
85	70.4
86.2	70.4
87.5	70.4
88.7	70.4
90	70.3
91.3	70.3
92.7	70.4
94	70.6
95.4	70.5
96.8	70.5
98.2	70.4
99.6	70.2
101	70.1
103	70.1
104	70.2
106	70.2
107	70.1
109	70
110	70.1
112	70
113	69.7
115	69.5
117	69.5
118	69.6
120	69.7
122	69.6
124	69.5
125	69.3
127	69.1
129	69
131	69.1
133	69
135	68.8
137	68.6
139	68.7
141	68.7
143	68.8
145	68.9
147	69
149	69.1
151	69.2
154	69.1
156	68.8
158	68.6
160	68.4
163	68.5
165	68.4
168	68.1
170	67.9
172	68
175	68
177	67.8
180	67.6
183	67.5
185	67.5
188	67.4
191	67.2
194	67.1
196	67.2
199	67.3
202	67.3
205	67.1
208	67
211	67.2
214	67.3
217	67.1
220	66.9
224	66.5
227	66.2
230	66
234	66
237	66.2
240	66.3
244	66.3
247	66.3
251	66.3
255	66.3
258	66.1
262	66.1
266	66.1
270	66
274	65.8
278	65.6
282	65.6
286	65.5
290	65.5
294	65.7
298	65.7
303	65.6
307	65.7
312	65.7
316	65.7
321	65.5
325	65.4
330	65.4
335	65.4
340	65.4
345	65.5
350	65.5
355	65.5
360	65.3
365	65.3
371	65.4
376	65.6
382	65.6
387	65.5
393	65.2
398	65.1
404	65.2
410	65.3
416	65.4
422	65.4
428	65.5
434	65.4
441	65.3
447	65.3
454	65.1
460	65
467	65
474	65
481	65
488	65
495	64.9
502	64.7
509	64.8
517	65
524	65.3
532	65.2
540	65.2
547	65.4
555	65.4
563	65.1
572	65.1
580	65.2
588	65.1
597	65
606	64.9
614	65
623	65
632	65.1
642	65.2
651	65.3
660	65.1
670	64.9
680	64.9
690	65
700	65.2
710	65.3
720	65.4
731	65.6
741	65.6
752	65.5
763	65.5
774	65.7
785	65.8
797	65.8
808	65.7
820	65.8
832	65.8
844	65.9
856	66
869	66.1
882	66.1
894	66.1
907	66.1
921	66.3
934	66.4
948	66.4
961	66.5
975	66.5
990	66.6
1004	66.7
1019	66.7
1033	66.8
1048	66.9
1064	67.1
1079	67.2
1095	67.3
1111	67.4
1127	67.5
1143	67.7
1160	68
1177	68.4
1194	68.2
1211	68.2
1229	68.4
1247	68.5
1265	68.6
1283	68.7
1302	68.8
1321	68.8
1340	68.9
1360	69.2
1379	69.4
1399	69.6
1420	69.7
1440	69.7
1461	69.8
1483	70
1504	70.1
1526	70.2
1548	70.3
1571	70.3
1594	70.3
1617	70.4
1640	70.4
1664	70.6
1688	70.7
1713	70.8
1738	70.9
1763	71.3
1789	71.4
1815	71.8
1841	72.1
1868	72.2
1895	72.3
1923	72.4
1951	72.6
1979	72.8
2008	72.9
2037	73.2
2067	73.4
2097	73.5
2127	73.6
2158	73.8
2190	74
2221	74.2
2254	74.5
2287	74.8
2320	75
2354	75.2
2388	75.4
2423	75.5
2458	75.7
2494	75.8
2530	75.9
2567	76
2604	76.1
2642	76.1
2680	76.1
2719	76.1
2759	76
2799	76
2840	76
2881	76
2923	76
2965	75.9
3008	75.8
3052	75.8
3097	75.6
3142	75.5
3187	75.5
3234	75.4
3281	75.4
3328	75.4
3377	75.4
3426	75.2
3476	75.2
3526	75.2
3578	75.2
3630	75.1
3682	75.2
3736	75.1
3790	75.2
3846	75.2
3901	75.2
3958	75.3
4016	75.4
4074	75.4
4133	75.5
4194	75.6
4255	75.8
4316	76
4379	76.1
4443	76.1
4508	76.2
4573	76.3
4640	76.2
4707	76.2
4776	76.1
4845	76
4916	75.9
4987	75.7
5060	75.5
5133	75.2
5208	74.9
5284	74.6
5360	74.3
5438	73.9
5518	73.5
5598	73.2
5679	72.9
5762	72.7
5846	72.5
5931	72.3
6017	72.1
6104	72
6193	71.8
6283	71.7
6375	71.6
6467	71.6
6561	71.6
6657	71.6
6754	71.7
6852	71.8
6952	71.9
7053	72.1
7155	72.3
7259	72.7
7365	73
7472	73.5
7581	74
7691	74.4
7803	74.6
7916	74.4
8032	74
8148	73.4
8267	72.6
8387	71.9
8509	71.3
8633	70.7
8758	70.2
8886	69.7
9015	69.4
9146	69.2
9279	69.1
9414	69
9551	68.8
9690	68.7
9831	68.6
9974	68.5
10119	68.4
10266	68.3
10416	68.3
10567	68.2
10721	68.1
10877	68
11035	67.9
11196	67.8
11358	67.7
11524	67.6
11691	67.5
11861	67.5
12034	67.5
12209	67.5
12386	67.5
12567	67.6
12749	67.6
12935	67.7
13123	67.9
13314	68
13507	68.1
13704	68.1
13903	68
14105	67.8
14311	67.7
14519	67.4
14730	67.2
14944	67.1
15162	67
15382	67
15606	67
15833	66.8
16063	66.4
16297	65.9
16534	65.3
16774	64.9
17018	64.5
17266	64.1
17517	63.8
17772	63.4
18030	63
18293	62.5
18559	62
18829	61.5
19102	60.8
19380	60.3
20000	59.9
overall dB	95.9 dB
decay	Average
averaging	1/12 Octave
source	Headset Microphone 1 Low Range
latitude	0
longitude	0
saved	2024/01/20 13:14
peak	22.0Hz
