FFT	AudioTools 	v36 iPad battery  98%	2023/09/30 19:10	Headset Microphone 1 Low Range	EB05A3E2-10AC-49FE-A287-06AC06EBE5AD
Frequency	dB	Unweighted
19.5	65.1
19.8	65.1
20.1	65.1
20.3	65.1
20.6	65.2
20.9	65.2
21.2	65.3
21.6	65.4
21.9	65.5
22.2	65.6
22.5	65.7
22.8	65.7
23.2	65.8
23.5	65.9
23.8	66
24.2	66.2
24.5	66.3
24.9	66.4
25.3	66.6
25.6	66.7
26	66.8
26.4	66.8
26.8	66.9
27.2	66.9
27.5	66.8
28	66.8
28.4	66.8
28.8	66.8
29.2	66.8
29.6	66.8
30	66.8
30.5	66.9
30.9	66.9
31.4	66.9
31.8	66.9
32.3	66.9
32.8	67
33.2	67.1
33.7	67.1
34.2	67.2
34.7	67.3
35.2	67.4
35.7	67.5
36.2	67.6
36.8	67.6
37.3	67.7
37.9	67.7
38.4	67.7
39	67.7
39.5	67.7
40.1	67.7
40.7	67.6
41.3	67.6
41.9	67.6
42.5	67.7
43.1	67.8
43.7	67.9
44.4	67.9
45	67.9
45.7	67.9
46.3	68
47	68
47.7	68
48.4	68
49.1	67.9
49.8	67.9
50.5	68
51.3	68.1
52	68.1
52.8	68.1
53.5	68.1
54.3	68
55.1	67.9
55.9	67.8
56.7	67.9
57.5	68
58.4	68.1
59.2	68.2
60.1	68.2
61	68.1
61.8	67.9
62.7	67.8
63.7	67.7
64.6	67.7
65.5	67.7
66.5	67.7
67.4	67.8
68.4	67.9
69.4	68
70.4	68
71.5	68
72.5	68
73.5	67.9
74.6	67.9
75.7	67.9
76.8	67.8
77.9	67.9
79.1	67.9
80.2	67.9
81.4	67.8
82.6	67.6
83.8	67.5
85	67.5
86.2	67.5
87.5	67.6
88.7	67.7
90	67.6
91.3	67.5
92.7	67.5
94	67.4
95.4	67.4
96.8	67.4
98.2	67.3
99.6	67.3
101	67.3
103	67.3
104	67.3
106	67.3
107	67.3
109	67.1
110	67
112	66.9
113	66.8
115	66.8
117	66.7
118	66.7
120	66.7
122	66.8
124	66.8
125	66.7
127	66.6
129	66.5
131	66.5
133	66.5
135	66.4
137	66.3
139	66.1
141	66.1
143	66
145	65.9
147	65.9
149	65.8
151	65.8
154	65.7
156	65.7
158	65.7
160	65.5
163	65.4
165	65.3
168	65.2
170	65.2
172	65.3
175	65.3
177	65.3
180	65.3
183	65.3
185	65.3
188	65.2
191	65.1
194	65
196	64.9
199	64.8
202	64.8
205	64.7
208	64.6
211	64.6
214	64.6
217	64.4
220	64.3
224	64.2
227	64.2
230	64.1
234	64
237	64
240	63.8
244	63.6
247	63.5
251	63.5
255	63.4
258	63.3
262	63.2
266	63.2
270	63.1
274	63
278	62.9
282	62.8
286	62.7
290	62.7
294	62.6
298	62.6
303	62.5
307	62.4
312	62.3
316	62.3
321	62.2
325	62.2
330	62.1
335	62
340	61.9
345	61.8
350	61.7
355	61.6
360	61.5
365	61.5
371	61.4
376	61.4
382	61.3
387	61.2
393	61.1
398	60.8
404	60.7
410	60.8
416	60.8
422	60.8
428	60.7
434	60.6
441	60.4
447	60.3
454	60.2
460	60.1
467	60.1
474	60
481	59.8
488	59.8
495	59.7
502	59.8
509	59.7
517	59.7
524	59.7
532	59.6
540	59.4
547	59.3
555	59.3
563	59.2
572	59.2
580	59.1
588	59.1
597	59
606	58.9
614	58.8
623	58.8
632	58.7
642	58.7
651	58.7
660	58.6
670	58.6
680	58.5
690	58.4
700	58.4
710	58.4
720	58.4
731	58.3
741	58.3
752	58.3
763	58.2
774	58.3
785	58.3
797	58.4
808	58.3
820	58.3
832	58.4
844	58.4
856	58.4
869	58.5
882	58.6
894	58.6
907	58.7
921	58.7
934	58.9
948	59
961	59
975	59.1
990	59.2
1004	59.3
1019	59.4
1033	59.5
1048	59.7
1064	59.8
1079	60
1095	60.1
1111	60.1
1127	60.2
1143	60.4
1160	60.4
1177	60.6
1194	60.8
1211	60.9
1229	61
1247	61.1
1265	61.3
1283	61.4
1302	61.4
1321	61.6
1340	61.6
1360	61.7
1379	61.8
1399	62
1420	62.1
1440	62.1
1461	62.2
1483	62.3
1504	62.4
1526	62.5
1548	62.5
1571	62.6
1594	62.7
1617	62.8
1640	62.9
1664	63
1688	63.1
1713	63.2
1738	63.3
1763	63.5
1789	63.6
1815	63.8
1841	63.9
1868	64
1895	64.1
1923	64.2
1951	64.4
1979	64.5
2008	64.7
2037	64.8
2067	65
2097	65.1
2127	65.2
2158	65.4
2190	65.6
2221	65.7
2254	65.9
2287	66
2320	66.1
2354	66.3
2388	66.4
2423	66.5
2458	66.6
2494	66.7
2530	66.7
2567	66.8
2604	66.8
2642	66.9
2680	66.9
2719	66.8
2759	66.8
2799	66.7
2840	66.7
2881	66.6
2923	66.5
2965	66.4
3008	66.3
3052	66.1
3097	66
3142	65.9
3187	65.7
3234	65.6
3281	65.5
3328	65.4
3377	65.3
3426	65.2
3476	65.1
3526	65
3578	65
3630	64.9
3682	64.8
3736	64.7
3790	64.6
3846	64.4
3901	64.3
3958	64.2
4016	64.1
4074	64
4133	63.8
4194	63.7
4255	63.6
4316	63.4
4379	63.3
4443	63.3
4508	63.2
4573	63.1
4640	63
4707	62.9
4776	62.9
4845	62.8
4916	62.7
4987	62.6
5060	62.6
5133	62.5
5208	62.4
5284	62.3
5360	62.2
5438	62.1
5518	62
5598	62
5679	62.2
5762	62.4
5846	62.7
5931	62.9
6017	63.1
6104	63.3
6193	63.3
6283	63.2
6375	63
6467	62.8
6561	62.5
6657	62.2
6754	62
6852	61.8
6952	61.6
7053	61.5
7155	61.4
7259	61.3
7365	61.3
7472	61.3
7581	61.4
7691	61.4
7803	61.4
7916	61.5
8032	61.6
8148	61.7
8267	61.9
8387	62.2
8509	62.5
8633	62.8
8758	63
8886	63.1
9015	62.8
9146	62.2
9279	61.1
9414	59.8
9551	58.6
9690	57.9
9831	57.7
9974	57.5
10119	57.5
10266	57.7
10416	57.9
10567	58.4
10721	59.1
10877	60
11035	60.9
11196	61.9
11358	62.6
11524	63
11691	63
11861	62.4
12034	61.4
12209	59.9
12386	58.2
12567	56.6
12749	55.4
12935	54.6
13123	54
13314	53.5
13507	53.2
13704	53
13903	52.9
14105	53.1
14311	53.6
14519	54.1
14730	54.9
14944	55.7
15162	56.7
15382	58.2
15606	59.1
15833	59.8
16063	60.3
16297	60.4
16534	60.3
16774	60
17018	59.8
17266	59.7
17517	59.8
17772	60.2
18030	60.4
18293	60.2
18559	59.6
18829	58.6
19102	57
19380	55
20000	53.3
overall dB	88.5 dB
decay	Average
averaging	1/12 Octave
source	Headset Microphone 1 Low Range
latitude	0
longitude	0
saved	2023/09/30 19:10
peak	26.4Hz
