FFT	AudioTools 	v17.4 (100) iPad battery  91%	2024/03/08 12:28	Headset Microphone 1 Low Range	EB05A3E2-10AC-49FE-A287-06AC06EBE5AD
Frequency	dB	Unweighted
19.5	70
19.8	70.1
20.1	70.1
20.3	70.2
20.6	70.2
20.9	70.3
21.2	70.4
21.6	70.5
21.9	70.6
22.2	70.7
22.5	70.7
22.8	70.8
23.2	70.8
23.5	70.9
23.8	70.9
24.2	71
24.5	71
24.9	71.1
25.3	71.2
25.6	71.2
26	71.2
26.4	71.2
26.8	71.2
27.2	71.2
27.5	71.2
28	71.1
28.4	71.1
28.8	71.1
29.2	71.1
29.6	71.1
30	71.2
30.5	71.2
30.9	71.2
31.4	71.2
31.8	71.1
32.3	71.1
32.8	71.1
33.2	71.1
33.7	71.1
34.2	71.2
34.7	71.2
35.2	71.3
35.7	71.4
36.2	71.5
36.8	71.5
37.3	71.6
37.9	71.6
38.4	71.6
39	71.6
39.5	71.6
40.1	71.5
40.7	71.4
41.3	71.3
41.9	71.2
42.5	71.2
43.1	71.2
43.7	71.3
44.4	71.4
45	71.3
45.7	71.2
46.3	71.1
47	71
47.7	71
48.4	71
49.1	71
49.8	71
50.5	71
51.3	71
52	70.9
52.8	70.8
53.5	70.7
54.3	70.6
55.1	70.4
55.9	70.3
56.7	70.3
57.5	70.3
58.4	70.3
59.2	70.2
60.1	70.2
61	70.2
61.8	70.1
62.7	70.1
63.7	70
64.6	70
65.5	70
66.5	70
67.4	70
68.4	70.1
69.4	70.1
70.4	70
71.5	69.9
72.5	69.8
73.5	69.6
74.6	69.4
75.7	69.3
76.8	69.3
77.9	69.3
79.1	69.2
80.2	69.1
81.4	68.9
82.6	68.7
83.8	68.5
85	68.4
86.2	68.4
87.5	68.4
88.7	68.3
90	68.1
91.3	68
92.7	68
94	68
95.4	67.9
96.8	67.8
98.2	67.8
99.6	67.7
101	67.6
103	67.5
104	67.5
106	67.4
107	67.3
109	67.2
110	67.1
112	67
113	66.7
115	66.6
117	66.6
118	66.5
120	66.5
122	66.5
124	66.3
125	66.1
127	65.9
129	65.7
131	65.6
133	65.4
135	65.3
137	65.2
139	65.1
141	65
143	65
145	64.8
147	64.5
149	64.4
151	64.5
154	64.4
156	64.3
158	64.1
160	63.9
163	63.7
165	63.6
168	63.5
170	63.4
172	63.5
175	63.5
177	63.6
180	63.6
183	63.5
185	63.4
188	63.4
191	63.4
194	63.2
196	63.1
199	63.1
202	63
205	62.9
208	62.8
211	62.8
214	62.8
217	62.7
220	62.4
224	62.2
227	62.1
230	61.9
234	62
237	62.1
240	62.1
244	62.2
247	62.3
251	62.3
255	62.3
258	62.2
262	62.1
266	62.1
270	62.1
274	62
278	62
282	62
286	62
290	62
294	62.2
298	62.2
303	62.2
307	62.2
312	62.2
316	62.3
321	62.3
325	62.4
330	62.4
335	62.4
340	62.4
345	62.4
350	62.5
355	62.5
360	62.5
365	62.6
371	62.7
376	62.9
382	62.8
387	62.8
393	62.7
398	62.8
404	62.9
410	63
416	63
422	63.1
428	63.1
434	63.1
441	63
447	62.9
454	62.9
460	62.9
467	62.9
474	62.8
481	62.8
488	62.8
495	62.8
502	62.8
509	62.9
517	63
524	62.9
532	62.8
540	62.8
547	62.9
555	62.8
563	62.7
572	62.7
580	62.7
588	62.8
597	62.7
606	62.6
614	62.6
623	62.5
632	62.5
642	62.6
651	62.5
660	62.4
670	62.4
680	62.3
690	62.4
700	62.4
710	62.4
720	62.4
731	62.4
741	62.4
752	62.4
763	62.3
774	62.3
785	62.4
797	62.4
808	62.4
820	62.5
832	62.5
844	62.6
856	62.6
869	62.6
882	62.5
894	62.6
907	62.7
921	62.8
934	62.9
948	62.9
961	63
975	63
990	63.1
1004	63.2
1019	63.2
1033	63.4
1048	63.5
1064	63.6
1079	63.7
1095	63.7
1111	63.6
1127	63.6
1143	63.6
1160	63.7
1177	64
1194	64.1
1211	64.2
1229	64.3
1247	64.4
1265	64.5
1283	64.6
1302	64.6
1321	64.7
1340	64.7
1360	64.9
1379	65
1399	65.1
1420	65.1
1440	65.2
1461	65.3
1483	65.4
1504	65.5
1526	65.5
1548	65.6
1571	65.7
1594	65.8
1617	65.8
1640	65.9
1664	65.9
1688	66
1713	66.1
1738	66.2
1763	66.4
1789	66.4
1815	66.6
1841	66.7
1868	66.7
1895	66.7
1923	66.8
1951	66.9
1979	67
2008	67.2
2037	67.3
2067	67.5
2097	67.5
2127	67.6
2158	67.8
2190	67.9
2221	67.9
2254	68.1
2287	68.2
2320	68.4
2354	68.5
2388	68.6
2423	68.7
2458	68.9
2494	69
2530	69.1
2567	69.2
2604	69.4
2642	69.5
2680	69.6
2719	69.7
2759	69.8
2799	69.9
2840	70.1
2881	70.2
2923	70.4
2965	70.4
3008	70.5
3052	70.7
3097	70.8
3142	70.8
3187	70.9
3234	71
3281	71.1
3328	71.1
3377	71.1
3426	71.1
3476	71.2
3526	71.2
3578	71.1
3630	71.1
3682	71
3736	71
3790	70.9
3846	70.8
3901	70.7
3958	70.6
4016	70.5
4074	70.4
4133	70.2
4194	70.1
4255	69.9
4316	69.7
4379	69.5
4443	69.3
4508	69.1
4573	68.9
4640	68.7
4707	68.5
4776	68.4
4845	68.2
4916	68
4987	67.7
5060	67.5
5133	67.3
5208	67.1
5284	66.8
5360	66.6
5438	66.4
5518	66.2
5598	65.9
5679	65.7
5762	65.5
5846	65.3
5931	65.2
6017	65.1
6104	65
6193	65
6283	64.9
6375	64.8
6467	64.8
6561	64.8
6657	64.9
6754	65
6852	65.1
6952	65.3
7053	65.5
7155	65.7
7259	66
7365	66.3
7472	66.7
7581	67
7691	67.2
7803	67.4
7916	67.4
8032	67.3
8148	67
8267	66.6
8387	66
8509	65.3
8633	64.5
8758	63.6
8886	62.8
9015	62
9146	61.4
9279	60.8
9414	60.3
9551	59.9
9690	59.6
9831	59.3
9974	58.9
10119	58.6
10266	58.3
10416	58.1
10567	57.9
10721	57.7
10877	57.6
11035	57.6
11196	57.6
11358	57.7
11524	57.9
11691	58.1
11861	58.5
12034	59.1
12209	59.7
12386	60.5
12567	61.5
12749	62.4
12935	63.2
13123	63.6
13314	63.5
13507	62.9
13704	62
13903	61.2
14105	60.1
14311	59
14519	58.1
14730	57.4
14944	57
15162	56.7
15382	56.5
15606	56.3
15833	56.1
16063	55.7
16297	55.1
16534	54.4
16774	53.7
17018	52.7
17266	51.5
17517	50.2
17772	49.1
18030	48.3
18293	47.6
18559	47
18829	46.5
19102	45.9
19380	45.2
20000	44.7
overall dB	91.7 dB
decay	Average
averaging	1/12 Octave
source	Headset Microphone 1 Low Range
latitude	0
longitude	0
saved	2024/03/08 12:28
peak	16.1Hz
