FFT	AudioTools 	v17.4 (100) iPad battery  98%	2024/04/01 23:16	Headset Microphone 1 Low Range	EB05A3E2-10AC-49FE-A287-06AC06EBE5AD
Frequency	dB	Unweighted
19.5	72.7
19.8	72.8
20.1	72.8
20.3	72.9
20.6	72.9
20.9	73
21.2	73.1
21.6	73.1
21.9	73.2
22.2	73.2
22.5	73.2
22.8	73.2
23.2	73.1
23.5	73.1
23.8	73.1
24.2	73.1
24.5	73.1
24.9	73.1
25.3	73.2
25.6	73.2
26	73.2
26.4	73.3
26.8	73.2
27.2	73.2
27.5	73.2
28	73.2
28.4	73.1
28.8	73.1
29.2	73.1
29.6	73.2
30	73.2
30.5	73.2
30.9	73.3
31.4	73.2
31.8	73.2
32.3	73.1
32.8	73.1
33.2	73
33.7	73
34.2	73
34.7	73
35.2	73
35.7	72.9
36.2	72.9
36.8	72.9
37.3	72.9
37.9	72.9
38.4	73
39	73
39.5	73
40.1	72.9
40.7	72.7
41.3	72.6
41.9	72.5
42.5	72.5
43.1	72.6
43.7	72.7
44.4	72.8
45	72.8
45.7	72.7
46.3	72.5
47	72.3
47.7	72.2
48.4	72.1
49.1	72.1
49.8	72
50.5	72
51.3	71.9
52	71.9
52.8	71.8
53.5	71.8
54.3	71.7
55.1	71.6
55.9	71.4
56.7	71.3
57.5	71.3
58.4	71.3
59.2	71.4
60.1	71.5
61	71.5
61.8	71.4
62.7	71.3
63.7	71.2
64.6	71.1
65.5	71.2
66.5	71.2
67.4	71.3
68.4	71.3
69.4	71.3
70.4	71.2
71.5	71
72.5	70.7
73.5	70.4
74.6	70.2
75.7	70.1
76.8	70.2
77.9	70.2
79.1	70.1
80.2	70
81.4	69.8
82.6	69.7
83.8	69.4
85	69.1
86.2	69.1
87.5	69.1
88.7	69
90	68.8
91.3	68.8
92.7	68.8
94	68.8
95.4	68.8
96.8	68.9
98.2	69.1
99.6	69.1
101	69
103	69
104	68.9
106	69
107	68.9
109	68.9
110	69
112	68.9
113	68.7
115	68.6
117	68.4
118	68.3
120	68.5
122	68.6
124	68.4
125	68
127	67.8
129	67.6
131	67.5
133	67.4
135	67.3
137	67.1
139	67
141	67
143	67.1
145	67
147	67.1
149	67.3
151	67.6
154	67.6
156	67.4
158	67.3
160	67.1
163	67
165	66.8
168	66.5
170	66.3
172	66.3
175	66.3
177	66.2
180	66.1
183	66.2
185	66.4
188	66.5
191	66.5
194	66.5
196	66.7
199	66.8
202	66.7
205	66.5
208	66.5
211	66.8
214	67
217	66.7
220	66.5
224	66.3
227	66
230	65.8
234	66
237	66.2
240	66.2
244	66.3
247	66.3
251	66.5
255	66.5
258	66.3
262	66.4
266	66.4
270	66.3
274	66.1
278	65.8
282	65.8
286	65.8
290	66
294	66.1
298	66
303	66
307	66.1
312	66.1
316	66
321	65.9
325	65.9
330	65.9
335	65.9
340	65.8
345	65.8
350	65.9
355	65.9
360	65.7
365	65.7
371	65.8
376	66
382	65.9
387	65.9
393	65.8
398	65.8
404	65.9
410	66
416	66.1
422	66.1
428	66.2
434	66.2
441	66.1
447	66
454	65.9
460	65.9
467	65.9
474	65.8
481	65.8
488	65.9
495	65.8
502	65.8
509	66
517	66.3
524	66.4
532	66.2
540	66.2
547	66.3
555	66.4
563	66.4
572	66.4
580	66.5
588	66.5
597	66.3
606	66.3
614	66.3
623	66.1
632	66.2
642	66.2
651	66.3
660	66.2
670	66.1
680	66.1
690	66.1
700	66.3
710	66.4
720	66.5
731	66.6
741	66.5
752	66.5
763	66.5
774	66.5
785	66.6
797	66.7
808	66.7
820	66.7
832	66.8
844	66.9
856	67
869	67
882	66.9
894	66.9
907	67.1
921	67.3
934	67.2
948	67.2
961	67.3
975	67.2
990	67.2
1004	67.2
1019	67.3
1033	67.5
1048	67.6
1064	67.8
1079	68
1095	68
1111	68
1127	68
1143	68.1
1160	68.2
1177	68.5
1194	68.6
1211	68.7
1229	68.7
1247	68.7
1265	68.7
1283	68.9
1302	69
1321	69
1340	68.9
1360	69.1
1379	69.2
1399	69.4
1420	69.5
1440	69.5
1461	69.6
1483	69.6
1504	69.7
1526	69.8
1548	69.7
1571	69.7
1594	69.7
1617	69.8
1640	69.7
1664	69.7
1688	69.7
1713	69.7
1738	69.8
1763	70.1
1789	70.2
1815	70.3
1841	70.4
1868	70.4
1895	70.4
1923	70.5
1951	70.5
1979	70.5
2008	70.6
2037	70.6
2067	70.7
2097	70.8
2127	70.9
2158	71
2190	71
2221	71
2254	71.2
2287	71.4
2320	71.5
2354	71.5
2388	71.6
2423	71.7
2458	71.8
2494	71.9
2530	71.9
2567	72
2604	72.1
2642	72.3
2680	72.3
2719	72.4
2759	72.5
2799	72.5
2840	72.6
2881	72.7
2923	72.8
2965	72.8
3008	72.9
3052	72.9
3097	72.9
3142	72.9
3187	72.8
3234	72.8
3281	72.8
3328	72.8
3377	72.8
3426	72.7
3476	72.6
3526	72.6
3578	72.5
3630	72.5
3682	72.5
3736	72.3
3790	72.3
3846	72.2
3901	72.1
3958	72.1
4016	72.1
4074	71.9
4133	71.8
4194	71.8
4255	71.8
4316	71.7
4379	71.7
4443	71.6
4508	71.7
4573	71.7
4640	71.6
4707	71.6
4776	71.6
4845	71.6
4916	71.6
4987	71.6
5060	71.6
5133	71.6
5208	71.5
5284	71.5
5360	71.4
5438	71.4
5518	71.2
5598	71.1
5679	71
5762	70.9
5846	70.8
5931	70.7
6017	70.6
6104	70.6
6193	70.4
6283	70.3
6375	70.1
6467	69.8
6561	69.5
6657	69.4
6754	69.4
6852	69.4
6952	69.4
7053	69.5
7155	69.6
7259	69.8
7365	69.9
7472	70
7581	70.2
7691	70.4
7803	70.6
7916	70.6
8032	70.6
8148	70.5
8267	70.3
8387	70
8509	69.6
8633	69.2
8758	68.9
8886	68.6
9015	68.3
9146	68
9279	67.6
9414	67.2
9551	66.8
9690	66.5
9831	66.4
9974	66.2
10119	66.2
10266	66.3
10416	66.3
10567	66.4
10721	66.5
10877	66.4
11035	66.3
11196	66.2
11358	66.1
11524	66
11691	65.8
11861	65.7
12034	65.5
12209	65.3
12386	65.2
12567	65.1
12749	65
12935	64.8
13123	64.7
13314	64.7
13507	64.7
13704	64.7
13903	64.8
14105	64.9
14311	65
14519	65.3
14730	65.7
14944	66.3
15162	67
15382	68.5
15606	69.8
15833	70.9
16063	71.4
16297	70.9
16534	69.7
16774	68.1
17018	66.5
17266	65.2
17517	64.2
17772	63.5
18030	62.9
18293	62.5
18559	62.2
18829	61.7
19102	61
19380	60.2
20000	59.4
overall dB	95 dB
decay	Average
averaging	1/12 Octave
source	Headset Microphone 1 Low Range
latitude	0
longitude	0
saved	2024/04/01 23:16
peak	16.1Hz
