FFT	AudioTools 	v17.1 (89) iPad battery 100%	2024/01/06 14:41	Headset Microphone 1 Low Range	EB05A3E2-10AC-49FE-A287-06AC06EBE5AD
Frequency	dB	Unweighted
19.5	72.2
19.8	72.2
20.1	72.2
20.3	72.3
20.6	72.3
20.9	72.3
21.2	72.4
21.6	72.4
21.9	72.4
22.2	72.5
22.5	72.4
22.8	72.4
23.2	72.4
23.5	72.4
23.8	72.4
24.2	72.3
24.5	72.4
24.9	72.4
25.3	72.5
25.6	72.5
26	72.6
26.4	72.6
26.8	72.6
27.2	72.5
27.5	72.5
28	72.4
28.4	72.4
28.8	72.3
29.2	72.3
29.6	72.4
30	72.4
30.5	72.5
30.9	72.6
31.4	72.6
31.8	72.6
32.3	72.5
32.8	72.4
33.2	72.3
33.7	72.2
34.2	72.1
34.7	72.1
35.2	72
35.7	71.9
36.2	71.9
36.8	71.9
37.3	72
37.9	72
38.4	72.1
39	72.2
39.5	72.1
40.1	72
40.7	71.9
41.3	71.9
41.9	71.8
42.5	71.9
43.1	72
43.7	72.1
44.4	72.1
45	72
45.7	71.7
46.3	71.5
47	71.3
47.7	71.2
48.4	71.1
49.1	71
49.8	70.8
50.5	70.7
51.3	70.7
52	70.6
52.8	70.5
53.5	70.4
54.3	70.4
55.1	70.3
55.9	70.3
56.7	70.3
57.5	70.4
58.4	70.4
59.2	70.5
60.1	70.5
61	70.4
61.8	70.2
62.7	70.1
63.7	70
64.6	69.9
65.5	69.9
66.5	69.9
67.4	70
68.4	70.1
69.4	70.1
70.4	70
71.5	69.9
72.5	69.7
73.5	69.4
74.6	69.2
75.7	69.2
76.8	69.2
77.9	69.2
79.1	69.1
80.2	69
81.4	68.9
82.6	68.7
83.8	68.4
85	68.2
86.2	68.1
87.5	68.1
88.7	68.2
90	68.1
91.3	68
92.7	68
94	68
95.4	67.9
96.8	67.9
98.2	67.9
99.6	67.9
101	67.8
103	67.6
104	67.5
106	67.5
107	67.5
109	67.4
110	67.3
112	67.1
113	67
115	66.9
117	66.9
118	66.8
120	66.9
122	67
124	66.8
125	66.4
127	66.3
129	66.3
131	66.3
133	66.3
135	66.2
137	66.2
139	65.9
141	65.9
143	65.8
145	65.7
147	65.6
149	65.6
151	65.8
154	65.7
156	65.5
158	65.3
160	65.2
163	65.1
165	64.9
168	64.6
170	64.5
172	64.4
175	64.4
177	64.3
180	64.1
183	64
185	64.1
188	64.1
191	64.1
194	64
196	64
199	64
202	63.9
205	63.7
208	63.5
211	63.6
214	63.6
217	63.3
220	63.1
224	63
227	63
230	62.9
234	63
237	62.9
240	62.9
244	62.9
247	63.1
251	63.1
255	63
258	62.8
262	62.9
266	62.9
270	62.8
274	62.7
278	62.6
282	62.4
286	62.3
290	62.3
294	62.3
298	62.2
303	62.2
307	62.2
312	62.1
316	62
321	61.9
325	61.9
330	61.8
335	61.6
340	61.5
345	61.4
350	61.4
355	61.5
360	61.5
365	61.6
371	61.5
376	61.4
382	61.3
387	61.2
393	61.1
398	61.1
404	61.2
410	61.2
416	61.2
422	61.1
428	61
434	61
441	60.7
447	60.7
454	60.7
460	60.7
467	60.7
474	60.7
481	60.6
488	60.7
495	60.6
502	60.7
509	60.9
517	61
524	61
532	60.9
540	60.7
547	60.7
555	60.7
563	60.8
572	60.8
580	60.8
588	60.7
597	60.7
606	60.6
614	60.6
623	60.5
632	60.6
642	60.7
651	60.6
660	60.5
670	60.6
680	60.6
690	60.6
700	60.6
710	60.5
720	60.5
731	60.5
741	60.6
752	60.7
763	60.6
774	60.6
785	60.6
797	60.6
808	60.6
820	60.6
832	60.7
844	60.7
856	60.7
869	60.7
882	60.7
894	60.7
907	60.9
921	61
934	61.1
948	61.1
961	61.2
975	61.2
990	61.2
1004	61.2
1019	61.3
1033	61.5
1048	61.7
1064	61.9
1079	62.1
1095	62.2
1111	62.1
1127	62.2
1143	62.4
1160	62.5
1177	62.9
1194	63.2
1211	63.2
1229	63.3
1247	63.4
1265	63.5
1283	63.6
1302	63.8
1321	63.9
1340	64
1360	64.1
1379	64.2
1399	64.4
1420	64.5
1440	64.6
1461	64.7
1483	64.7
1504	64.8
1526	64.9
1548	64.8
1571	64.8
1594	64.9
1617	64.9
1640	64.9
1664	65
1688	65.1
1713	65.3
1738	65.4
1763	65.5
1789	65.6
1815	65.8
1841	65.9
1868	66
1895	66.1
1923	66.1
1951	66.2
1979	66.2
2008	66.3
2037	66.4
2067	66.5
2097	66.6
2127	66.7
2158	66.8
2190	66.9
2221	66.9
2254	67
2287	67.1
2320	67.3
2354	67.5
2388	67.6
2423	67.8
2458	68
2494	68.2
2530	68.4
2567	68.5
2604	68.7
2642	68.9
2680	69
2719	69
2759	69.1
2799	69.2
2840	69.1
2881	69.1
2923	69
2965	68.9
3008	68.8
3052	68.6
3097	68.4
3142	68.3
3187	68.1
3234	68
3281	68.1
3328	68
3377	68
3426	68
3476	68
3526	68
3578	68.1
3630	68.1
3682	68.2
3736	68.3
3790	68.4
3846	68.5
3901	68.7
3958	68.8
4016	69
4074	69.1
4133	69.2
4194	69.5
4255	70
4316	70.3
4379	70.6
4443	70.9
4508	71.1
4573	71.4
4640	71.6
4707	71.7
4776	71.7
4845	71.8
4916	71.7
4987	71.7
5060	71.6
5133	71.4
5208	71.2
5284	70.9
5360	70.6
5438	70.3
5518	69.9
5598	69.6
5679	69.4
5762	69.2
5846	68.9
5931	68.4
6017	67.7
6104	67.4
6193	67.1
6283	67
6375	67.1
6467	67.3
6561	67.7
6657	68.1
6754	68.7
6852	69.3
6952	69.8
7053	70.3
7155	70.7
7259	71.1
7365	71.5
7472	71.8
7581	72.2
7691	72.4
7803	72.5
7916	72.2
8032	71.7
8148	71
8267	69.9
8387	68.7
8509	67.4
8633	66.2
8758	65.1
8886	64.2
9015	63.5
9146	62.9
9279	62.5
9414	62.3
9551	62.2
9690	62.1
9831	62.2
9974	62.2
10119	62
10266	61.6
10416	61.1
10567	60.5
10721	60
10877	59.5
11035	59.2
11196	59
11358	58.8
11524	58.7
11691	58.7
11861	58.7
12034	58.9
12209	59.2
12386	59.6
12567	60.2
12749	60.9
12935	61.8
13123	62.8
13314	63.5
13507	63.9
13704	63.9
13903	63.8
14105	63.6
14311	63.4
14519	63.5
14730	64
14944	64.9
15162	66.2
15382	67.6
15606	67.5
15833	67
16063	66.3
16297	65.7
16534	65
16774	63.1
17018	60.5
17266	57.9
17517	56.1
17772	54.9
18030	54
18293	53.5
18559	53
18829	52.5
19102	52.1
19380	51.7
20000	51.4
overall dB	92.8 dB
decay	Average
averaging	1/12 Octave
source	Headset Microphone 1 Low Range
latitude	0
longitude	0
saved	2024/01/06 14:41
peak	16.1Hz
