FFT	AudioTools 	v36 iPad battery 100%	2023/09/14 12:11	Headset Microphone 1 Low Range	EB05A3E2-10AC-49FE-A287-06AC06EBE5AD
Frequency	dB	Unweighted
19.5	71.9
19.8	72
20.1	72.1
20.3	72.2
20.6	72.3
20.9	72.4
21.2	72.5
21.6	72.6
21.9	72.6
22.2	72.7
22.5	72.7
22.8	72.7
23.2	72.7
23.5	72.7
23.8	72.7
24.2	72.7
24.5	72.8
24.9	72.8
25.3	72.9
25.6	72.9
26	72.9
26.4	72.9
26.8	73
27.2	73
27.5	73
28	73
28.4	73.1
28.8	73.2
29.2	73.2
29.6	73.3
30	73.4
30.5	73.5
30.9	73.5
31.4	73.5
31.8	73.5
32.3	73.5
32.8	73.5
33.2	73.5
33.7	73.5
34.2	73.5
34.7	73.5
35.2	73.5
35.7	73.5
36.2	73.6
36.8	73.6
37.3	73.6
37.9	73.7
38.4	73.7
39	73.7
39.5	73.6
40.1	73.6
40.7	73.6
41.3	73.6
41.9	73.7
42.5	73.9
43.1	74
43.7	74.1
44.4	74.1
45	74
45.7	74
46.3	73.9
47	73.8
47.7	73.8
48.4	73.8
49.1	73.8
49.8	73.7
50.5	73.7
51.3	73.7
52	73.7
52.8	73.7
53.5	73.6
54.3	73.6
55.1	73.5
55.9	73.4
56.7	73.4
57.5	73.5
58.4	73.6
59.2	73.8
60.1	73.9
61	73.9
61.8	74
62.7	73.9
63.7	73.9
64.6	74
65.5	74
66.5	74
67.4	74
68.4	74
69.4	73.8
70.4	73.7
71.5	73.5
72.5	73.4
73.5	73.3
74.6	73.3
75.7	73.4
76.8	73.4
77.9	73.4
79.1	73.4
80.2	73.3
81.4	73.2
82.6	73.1
83.8	72.9
85	72.8
86.2	72.8
87.5	72.7
88.7	72.6
90	72.5
91.3	72.5
92.7	72.6
94	72.6
95.4	72.6
96.8	72.6
98.2	72.6
99.6	72.6
101	72.6
103	72.6
104	72.6
106	72.7
107	72.7
109	72.6
110	72.6
112	72.5
113	72.4
115	72.3
117	72.4
118	72.4
120	72.3
122	72.1
124	72
125	71.8
127	71.8
129	71.7
131	71.6
133	71.5
135	71.5
137	71.5
139	71.7
141	71.7
143	71.7
145	71.7
147	71.8
149	71.9
151	71.9
154	71.7
156	71.5
158	71.3
160	71.2
163	71
165	70.8
168	70.6
170	70.5
172	70.5
175	70.5
177	70.3
180	70.2
183	70.2
185	70.2
188	70.2
191	70.1
194	70.1
196	70.1
199	70.1
202	70.1
205	70.1
208	70.1
211	70.2
214	70.1
217	69.9
220	69.7
224	69.6
227	69.6
230	69.5
234	69.6
237	69.6
240	69.5
244	69.6
247	69.6
251	69.6
255	69.6
258	69.5
262	69.4
266	69.2
270	69
274	68.9
278	68.8
282	68.9
286	68.9
290	68.8
294	68.7
298	68.6
303	68.6
307	68.6
312	68.6
316	68.5
321	68.4
325	68.4
330	68.2
335	68.2
340	68.1
345	68
350	68
355	68
360	67.9
365	68
371	68.1
376	68
382	67.9
387	67.7
393	67.6
398	67.6
404	67.7
410	67.8
416	67.8
422	67.8
428	67.8
434	67.7
441	67.5
447	67.5
454	67.5
460	67.4
467	67.4
474	67.3
481	67.2
488	67.1
495	67.2
502	67.3
509	67.4
517	67.4
524	67.4
532	67.4
540	67.4
547	67.5
555	67.5
563	67.5
572	67.5
580	67.4
588	67.3
597	67.2
606	67.3
614	67.3
623	67.3
632	67.3
642	67.2
651	67.2
660	67.1
670	67.1
680	67.1
690	67.2
700	67.3
710	67.3
720	67.3
731	67.3
741	67.2
752	67.3
763	67.5
774	67.6
785	67.8
797	67.9
808	67.9
820	68
832	68.1
844	68.1
856	68.2
869	68.3
882	68.3
894	68.4
907	68.5
921	68.6
934	68.7
948	68.7
961	68.8
975	68.7
990	68.7
1004	68.7
1019	68.8
1033	69
1048	69.1
1064	69.2
1079	69.3
1095	69.4
1111	69.6
1127	69.7
1143	69.9
1160	70.1
1177	70.4
1194	70.5
1211	70.5
1229	70.7
1247	70.7
1265	70.8
1283	70.9
1302	71
1321	71.1
1340	71.3
1360	71.6
1379	71.7
1399	72
1420	72.1
1440	72.1
1461	72.3
1483	72.4
1504	72.5
1526	72.5
1548	72.6
1571	72.6
1594	72.6
1617	72.7
1640	72.7
1664	72.7
1688	72.8
1713	72.9
1738	73
1763	73.1
1789	73.2
1815	73.3
1841	73.4
1868	73.4
1895	73.4
1923	73.3
1951	73.3
1979	73.3
2008	73.3
2037	73.3
2067	73.3
2097	73.3
2127	73.3
2158	73.3
2190	73.3
2221	73.4
2254	73.4
2287	73.5
2320	73.5
2354	73.4
2388	73.4
2423	73.3
2458	73.3
2494	73.2
2530	73.1
2567	73.1
2604	73.1
2642	73.1
2680	73
2719	73
2759	72.9
2799	72.8
2840	72.7
2881	72.7
2923	72.7
2965	72.6
3008	72.6
3052	72.5
3097	72.5
3142	72.6
3187	72.6
3234	72.7
3281	72.7
3328	72.7
3377	72.7
3426	72.6
3476	72.6
3526	72.6
3578	72.6
3630	72.6
3682	72.6
3736	72.5
3790	72.5
3846	72.4
3901	72.3
3958	72.1
4016	71.9
4074	71.7
4133	71.5
4194	71.3
4255	71.1
4316	71
4379	70.9
4443	70.8
4508	70.7
4573	70.6
4640	70.5
4707	70.4
4776	70.4
4845	70.4
4916	70.4
4987	70.4
5060	70.4
5133	70.5
5208	70.6
5284	70.8
5360	71
5438	71.3
5518	71.5
5598	71.8
5679	72.2
5762	72.6
5846	73
5931	73.4
6017	73.6
6104	73.8
6193	73.8
6283	73.7
6375	73.5
6467	73.3
6561	72.8
6657	72.5
6754	72.2
6852	71.8
6952	71.6
7053	71.3
7155	71.1
7259	70.9
7365	70.8
7472	70.6
7581	70.5
7691	70.4
7803	70.3
7916	70.2
8032	70.1
8148	69.9
8267	69.8
8387	69.7
8509	69.7
8633	69.6
8758	69.5
8886	69.4
9015	69.3
9146	69.2
9279	69.2
9414	69.2
9551	69.2
9690	69.2
9831	69.2
9974	69.3
10119	69.4
10266	69.6
10416	69.9
10567	70.1
10721	70.4
10877	70.6
11035	70.8
11196	70.9
11358	70.9
11524	70.9
11691	70.8
11861	70.6
12034	70.5
12209	70.3
12386	70.1
12567	70
12749	69.8
12935	69.6
13123	69.3
13314	69
13507	68.7
13704	68.4
13903	68.1
14105	67.9
14311	67.6
14519	67.4
14730	67.2
14944	67
15162	66.8
15382	66.6
15606	66.4
15833	66.2
16063	66
16297	65.8
16534	65.6
16774	65.4
17018	65.2
17266	64.9
17517	64.6
17772	64.3
18030	63.9
18293	63.5
18559	63
18829	62.5
19102	62
19380	61.6
20000	61.4
overall dB	96.6 dB
decay	Average
averaging	1/6 Octave
source	Headset Microphone 1 Low Range
latitude	0
longitude	0
saved	2023/09/14 12:11
peak	22.0Hz
