FFT	AudioTools 	v17.6 (3) iPad battery  59%	2024/04/29 13:00	Headset Microphone 1 Low Range	EB05A3E2-10AC-49FE-A287-06AC06EBE5AD
Frequency	dB	Unweighted
19.5	72.2
19.8	72.3
20.1	72.5
20.3	72.6
20.6	72.8
20.9	72.9
21.2	73.1
21.6	73.2
21.9	73.4
22.2	73.4
22.5	73.5
22.8	73.6
23.2	73.7
23.5	73.7
23.8	73.8
24.2	73.9
24.5	74
24.9	74.2
25.3	74.4
25.6	74.6
26	74.8
26.4	75
26.8	75.1
27.2	75.2
27.5	75.3
28	75.3
28.4	75.3
28.8	75.2
29.2	75.2
29.6	75.1
30	75.1
30.5	75.1
30.9	75.2
31.4	75.4
31.8	75.5
32.3	75.6
32.8	75.7
33.2	75.7
33.7	75.8
34.2	76
34.7	76.3
35.2	76.6
35.7	76.9
36.2	77.2
36.8	77.3
37.3	77.3
37.9	77.2
38.4	77
39	76.8
39.5	76.7
40.1	76.6
40.7	76.6
41.3	76.6
41.9	76.7
42.5	76.9
43.1	77.2
43.7	77.5
44.4	77.7
45	77.7
45.7	77.7
46.3	77.5
47	77.2
47.7	77
48.4	76.9
49.1	76.8
49.8	76.8
50.5	76.8
51.3	76.9
52	76.9
52.8	76.9
53.5	76.9
54.3	76.8
55.1	76.6
55.9	76.4
56.7	76.2
57.5	76.2
58.4	76.2
59.2	76.4
60.1	76.5
61	76.4
61.8	76.1
62.7	75.7
63.7	75.4
64.6	75.3
65.5	75.3
66.5	75.4
67.4	75.3
68.4	75.3
69.4	75.2
70.4	75.1
71.5	74.9
72.5	74.8
73.5	74.8
74.6	74.8
75.7	74.6
76.8	74.4
77.9	74.2
79.1	73.9
80.2	73.6
81.4	73.4
82.6	73.3
83.8	73.2
85	73.1
86.2	73
87.5	72.9
88.7	72.7
90	72.7
91.3	72.7
92.7	72.5
94	72.4
95.4	72
96.8	71.6
98.2	71.2
99.6	71
101	71
103	71.1
104	70.9
106	70.7
107	70.6
109	70.7
110	70.8
112	70.8
113	70.7
115	70.5
117	70.2
118	69.9
120	69.8
122	69.6
124	69.5
125	69.5
127	69.5
129	69.4
131	69.4
133	69.4
135	69.2
137	68.8
139	68.6
141	68.4
143	68.3
145	68.4
147	68.6
149	68.7
151	68.5
154	68.2
156	67.9
158	67.5
160	67.3
163	67.4
165	67.4
168	67.4
170	67.4
172	67.3
175	67.2
177	67.1
180	67.3
183	67.2
185	66.8
188	66.6
191	66.5
194	66.6
196	66.5
199	66.4
202	66.2
205	66
208	66
211	65.8
214	65.5
217	65.4
220	65.4
224	65.3
227	65.2
230	65.2
234	65.1
237	65
240	64.9
244	64.7
247	64.5
251	64.5
255	64.6
258	64.4
262	64.2
266	64.1
270	63.9
274	63.8
278	63.7
282	63.5
286	63.5
290	63.5
294	63.6
298	63.5
303	63.5
307	63.6
312	63.5
316	63.4
321	63.3
325	63
330	62.9
335	62.8
340	62.6
345	62.4
350	62.2
355	62
360	61.9
365	62
371	62.1
376	62.3
382	62.2
387	62
393	61.9
398	61.7
404	61.5
410	61.5
416	61.4
422	61.5
428	61.7
434	61.7
441	61.6
447	61.5
454	61.2
460	61.2
467	61.3
474	61.1
481	60.9
488	60.9
495	61
502	61.1
509	61.1
517	61.1
524	61.1
532	61.1
540	61.1
547	61
555	61
563	61.1
572	60.9
580	60.9
588	61.1
597	61.2
606	61.2
614	61.2
623	61.1
632	61.1
642	61
651	60.9
660	60.8
670	61
680	61.1
690	60.9
700	60.9
710	60.9
720	61
731	61
741	61.1
752	61.1
763	61.1
774	61.1
785	61.2
797	61.3
808	61.1
820	61
832	61.1
844	61.2
856	61.2
869	61.2
882	61.3
894	61.4
907	61.6
921	61.6
934	61.5
948	61.5
961	61.5
975	61.6
990	61.8
1004	62.1
1019	62.3
1033	62.3
1048	62.3
1064	62.2
1079	62.1
1095	62.2
1111	62.2
1127	62.3
1143	62.4
1160	62.5
1177	62.7
1194	62.9
1211	62.9
1229	62.9
1247	62.8
1265	62.9
1283	63
1302	63
1321	63.1
1340	63.2
1360	63.3
1379	63.3
1399	63.3
1420	63.3
1440	63.4
1461	63.6
1483	63.8
1504	63.9
1526	64
1548	64.1
1571	64.3
1594	64.4
1617	64.6
1640	64.7
1664	64.7
1688	64.7
1713	64.9
1738	65
1763	65.1
1789	65.3
1815	65.5
1841	65.8
1868	65.9
1895	66.1
1923	66.3
1951	66.6
1979	66.8
2008	66.9
2037	67.1
2067	67.3
2097	67.6
2127	67.8
2158	68
2190	68.3
2221	68.6
2254	68.8
2287	69.2
2320	69.5
2354	69.7
2388	70
2423	70.3
2458	70.6
2494	70.9
2530	71.2
2567	71.5
2604	71.8
2642	72
2680	72
2719	72.2
2759	72.4
2799	72.4
2840	72.4
2881	72.3
2923	72.2
2965	72.2
3008	72
3052	71.9
3097	71.8
3142	71.5
3187	71.3
3234	71.1
3281	70.8
3328	70.7
3377	70.5
3426	70.2
3476	70
3526	69.7
3578	69.4
3630	69.3
3682	69.1
3736	69
3790	68.9
3846	68.7
3901	68.6
3958	68.6
4016	68.6
4074	68.5
4133	68.5
4194	68.5
4255	68.6
4316	68.7
4379	68.8
4443	68.9
4508	69.1
4573	69.3
4640	69.4
4707	69.6
4776	69.7
4845	69.9
4916	70.2
4987	70.6
5060	70.8
5133	71
5208	71.1
5284	71
5360	70.6
5438	70
5518	69.2
5598	68.2
5679	67.4
5762	66.5
5846	65.8
5931	65.2
6017	64.6
6104	64.3
6193	64.1
6283	63.9
6375	63.8
6467	63.7
6561	63.9
6657	64
6754	64.2
6852	64.4
6952	64.7
7053	65.1
7155	65.5
7259	66
7365	66.7
7472	67.5
7581	68.4
7691	69.5
7803	70.5
7916	71.2
8032	71.4
8148	71.2
8267	70.4
8387	69.2
8509	68
8633	66.8
8758	65.8
8886	65
9015	64.2
9146	63.5
9279	63.1
9414	62.7
9551	62.5
9690	62.4
9831	62.2
9974	62.2
10119	62.2
10266	62.2
10416	62.3
10567	62.3
10721	62.3
10877	62.3
11035	62.2
11196	62.2
11358	62.2
11524	62.5
11691	63.2
11861	64.5
12034	66.2
12209	67.1
12386	66.5
12567	65.2
12749	63.7
12935	62.5
13123	61.6
13314	60.8
13507	60.1
13704	59.6
13903	59.2
14105	59
14311	58.9
14519	59
14730	59.1
14944	59.3
15162	59.4
15382	59
15606	58.6
15833	58.2
16063	57.9
16297	57.5
16534	57
16774	56.7
17018	56.4
17266	56.2
17517	55.8
17772	55.3
18030	54.9
18293	54.4
18559	54
18829	53.5
19102	53.2
19380	52.9
20000	52.7
overall dB	95.7 dB
decay	Average
averaging	1/12 Octave
source	Headset Microphone 1 Low Range
latitude	0
longitude	0
saved	2024/04/29 13:00
peak	36.6Hz
